name     ,  rank,   score, probability, sas_points, surf_atoms,   center_x,   center_y,   center_z, residue_ids, surf_atom_ids
pocket1  ,     1,   54.73,       0.974,        358,        158,    -2.6443,     0.9497,    -3.5216, A_1012 A_1015 A_1019 A_1022 A_1023 A_1026 A_1095 A_1098 A_1099 A_1100 A_1101 A_1139 A_1140 A_1143 A_1144 A_1147 A_1402 A_1403 A_1404 A_1405 A_1406 A_1448 A_1449 A_1450 A_1452 A_1453 A_1455 A_1456 A_1459 A_268 A_271 A_272 A_274 A_275 A_278 A_279 A_282 A_351 A_354 A_355 A_358 A_361 A_362 A_363 A_364 A_393 A_394 A_395 A_397 A_398 A_401 A_703 A_704 A_705 A_729 A_730 A_733 A_736 A_737 A_740 A_741 A_744, 2086 2087 2105 2106 2107 2109 2111 2118 2135 2137 2138 2141 2162 2163 2164 2171 2172 2197 2198 2712 2733 2734 2736 2737 2738 2739 2744 2764 2765 2766 2768 2789 2792 2795 2796 2797 2800 2804 2805 2808 2815 2816 2817 3062 3064 3066 3077 3096 3098 3099 3102 3104 3105 3127 3128 5560 5565 5566 5567 5568 5569 5572 5749 5757 5787 5788 5811 5813 5815 5817 5819 5820 5822 5823 5836 5837 5838 5839 5840 5841 5842 5846 5847 5848 5849 5851 5876 5877 7996 7997 8023 8048 8049 8050 8051 8052 8074 8081 8102 8105 8665 8667 8686 8687 8688 8690 8692 8695 8699 8700 8712 8715 9024 9025 9027 9056 9057 9058 9061 9065 9066 9067 9068 9090 9092 9094 9095 11177 11181 11183 11187 11188 11192 11193 11196 11531 11535 11536 11537 11538 11542 11543 11544 11546 11547 11548 11555 11562 11563 11566 11571 11572 11574 11592 11593 11599 11601 11627
pocket2  ,     2,   26.56,       0.874,        126,         68,    -6.4954,    12.9963,     1.3963, A_1344 A_1347 A_1348 A_1350 A_1354 A_1357 A_1358 A_1361 A_1396 A_1397 A_1400 A_1455 A_1458 A_1462 A_383 A_387 A_391 A_392 A_395 A_396 A_399, 2980 3017 3045 3046 3047 3052 3054 3056 3071 3072 3073 3074 3075 3076 3078 3079 3080 3081 3084 3086 3088 3111 3112 3113 10705 10706 10724 10726 10727 10728 10729 10730 10731 10732 10733 10742 10750 10751 10783 10785 10786 10807 10809 10810 10811 10812 10814 10815 10836 10837 10838 10839 10840 10841 10842 11126 11127 11135 11156 11157 11159 11161 11591 11593 11615 11616 11617 11647
pocket3  ,     3,   25.63,       0.867,        184,         72,     4.0375,     8.8015,   -18.1976, A_1081 A_1082 A_1101 A_1102 A_1104 A_1105 A_1109 A_1379 A_1382 A_1384 A_1385 A_1386 A_1401 A_1406 A_1407 A_1409 A_1410 A_1413 A_313 A_314 A_315 A_324 A_341 A_359 A_364 A_365 A_368 A_371 A_372 A_375 A_705 A_706 A_708 A_709 A_712, 2439 2440 2441 2442 2443 2446 2447 2455 2515 2638 2639 2779 2815 2816 2817 2819 2847 2848 2849 2850 2870 2873 2875 2884 2886 2889 2890 2915 5574 5575 5576 5578 5582 5583 5584 5605 5606 5611 5634 5636 8553 8557 8561 8564 8566 8714 8717 8719 8740 8745 8782 10981 10982 10984 11008 11009 11010 11024 11026 11034 11045 11171 11201 11205 11209 11229 11232 11238 11239 11240 11241 11264
pocket4  ,     4,   24.29,       0.852,         93,         53,    -7.8147,    -2.8180,     8.5601, A_1144 A_1148 A_1152 A_1156 A_1456 A_1459 A_1460 A_1463 A_1467 A_398 A_402 A_406 A_410 A_413 A_414 A_744 A_747 A_748 A_751 A_752 A_755 A_759, 3104 3105 3132 3133 3135 3136 3157 3159 3160 3187 3190 3216 3217 3218 3229 5876 5898 5901 5908 5911 5927 5928 5929 5930 5931 5934 5936 5960 5985 5986 5987 9066 9068 9101 9102 9130 9131 9132 9164 9165 9166 11597 11599 11600 11622 11625 11627 11634 11635 11654 11655 11689 11690
pocket5  ,     5,   20.86,       0.800,        139,         62,    14.7401,   -13.7276,     1.2787, A_1 A_1018 A_1021 A_1024 A_1025 A_1028 A_1029 A_1032 A_1036 A_1127 A_1128 A_1130 A_1131 A_1134 A_1138 A_1142 A_1143 A_1146 A_2 A_613 A_617 A_620 A_623 A_624 A_626 A_627 A_630 A_636 A_639 A_640 A_643, 7 12 13 14 4836 4858 4860 4861 4887 4888 4912 4923 4938 4943 4944 4950 4952 4976 5031 5032 5054 5061 5080 8040 8043 8065 8066 8089 8094 8096 8097 8122 8124 8125 8134 8135 8136 8154 8155 8182 8183 8916 8917 8923 8924 8928 8929 8943 8945 8946 8949 8952 8979 8981 8982 9016 9018 9046 9049 9051 9060 9084
pocket6  ,     6,   20.54,       0.795,         68,         38,    -0.1876,    -7.4974,    -4.2391, A_1098 A_1099 A_1100 A_1136 A_1137 A_1139 A_1140 A_1141 A_1144 A_657 A_699 A_702 A_703 A_740 A_743 A_744 A_747, 5184 5528 5530 5531 5552 5555 5563 5840 5865 5866 5868 5869 5871 5876 5897 5898 5900 8686 8692 8701 8702 8703 8704 8705 8706 9001 9008 9024 9027 9029 9030 9037 9039 9040 9065 9066 9067 9068
pocket7  ,     7,   18.17,       0.745,         68,         33,    -4.5792,     9.9142,    15.3562, A_1000 A_1003 A_1004 A_1007 A_1008 A_1155 A_1158 A_1159 A_1349 A_1350 A_1352 A_1353 A_1457 A_1461 A_1464 A_1465, 7904 7929 7930 7931 7937 7938 7959 7960 7967 9150 9153 9155 9157 9180 9181 9185 9186 10746 10755 10767 10780 10781 11606 11607 11608 11637 11639 11640 11660 11663 11664 11668 11670
pocket8  ,     8,   15.74,       0.681,        112,         48,     6.9351,    28.6859,    26.5627, A_1002 A_828 A_858 A_859 A_861 A_883 A_884 A_888 A_889 A_933 A_937 A_941 A_948 A_949 A_953 A_955 A_956 A_959 A_993 A_996 A_997, 6542 6546 6786 6790 6794 6810 6811 6978 6981 6984 6989 7022 7025 7027 7031 7035 7036 7382 7414 7415 7443 7444 7446 7447 7448 7497 7499 7503 7533 7537 7540 7556 7559 7570 7571 7592 7593 7595 7845 7847 7871 7872 7874 7875 7881 7883 7884 7921
pocket9  ,     9,   14.70,       0.649,        104,         55,   -38.3162,    16.1867,    -2.3238, A_1188 A_1199 A_1202 A_1203 A_1207 A_1208 A_1211 A_1212 A_1215 A_1251 A_1255 A_1259 A_1263 A_1264 A_1266 A_1267 A_1269 A_1270 A_1328 A_1331 A_1332, 9431 9434 9435 9543 9571 9573 9576 9579 9580 9581 9582 9608 9610 9616 9619 9620 9621 9646 9650 9651 9657 9683 9970 10002 10003 10029 10030 10031 10032 10033 10034 10063 10067 10092 10097 10098 10099 10100 10109 10110 10111 10112 10126 10127 10570 10571 10572 10574 10595 10596 10597 10602 10603 10604 10606
pocket10 ,    10,   12.19,       0.556,        108,         47,    -8.8571,   -16.3699,     7.3550, A_259 A_260 A_263 A_264 A_409 A_412 A_413 A_416 A_417 A_421 A_422 A_425 A_645 A_646 A_649 A_653 A_745 A_749 A_752 A_753 A_756 A_757, 2017 2020 2022 2023 2027 2028 2050 2056 3178 3181 3183 3208 3209 3211 3214 3215 3216 3243 3249 3280 3282 3285 3288 3290 3317 5092 5095 5096 5098 5102 5123 5124 5150 5151 5152 5881 5882 5916 5935 5938 5940 5941 5942 5943 5944 5965 5972
pocket11 ,    11,   12.17,       0.555,         86,         36,   -12.7545,   -15.9834,   -10.3286, A_197 A_244 A_245 A_248 A_261 A_264 A_265 A_268 A_656 A_659 A_660 A_663 A_664 A_667 A_734 A_738 A_741 A_742, 1548 1906 1913 1914 1915 1940 1941 2034 2035 2036 2057 2064 2066 2088 5172 5175 5200 5201 5203 5204 5205 5208 5211 5213 5237 5238 5248 5249 5270 5271 5795 5828 5829 5848 5859 5861
pocket12 ,    12,   11.54,       0.532,         82,         45,     3.8172,    -7.0905,    15.5410, A_1014 A_1017 A_1018 A_1146 A_1149 A_1150 A_1153 A_1157 A_635 A_638 A_639 A_642 A_754 A_758 A_761 A_762, 5021 5022 5024 5041 5042 5043 5045 5047 5048 5053 5071 5072 5947 5948 5949 5950 5952 5974 5975 5978 6001 6008 6009 8013 8016 8031 8033 8037 8042 8044 9078 9080 9082 9083 9104 9105 9107 9108 9111 9114 9116 9117 9138 9139 9175
pocket13 ,    13,   11.40,       0.526,         55,         27,     3.5272,   -16.5006,   -12.1613, A_1129 A_1130 A_1133 A_3 A_658 A_661 A_662 A_692 A_695 A_696 A_699, 22 23 5188 5189 5190 5191 5192 5193 5194 5195 5221 5230 5471 5473 5474 5494 5495 5497 5504 5506 5525 5528 8936 8942 8944 8973 8974
pocket14 ,    14,   10.73,       0.495,         65,         31,    24.4737,   -20.5859,    19.1913, A_520 A_521 A_525 A_526 A_529 A_573 A_577 A_585 A_587 A_588 A_628 A_631 A_632, 4081 4083 4091 4092 4093 4120 4122 4125 4126 4129 4164 4165 4520 4521 4554 4617 4629 4630 4632 4643 4644 4957 4958 4959 4960 4961 4983 4984 4985 4996 4997
pocket15 ,    15,   10.16,       0.470,        118,         63,   -21.2261,    16.1243,    -5.7059, A_1268 A_1269 A_1272 A_1317 A_1320 A_1323 A_1324 A_1327 A_1330 A_1340 A_1341 A_1344 A_284 A_285 A_288 A_292 A_381 A_384 A_385 A_388 A_392, 2211 2213 2214 2223 2224 2225 2246 2247 2275 2276 2956 2958 2959 2960 2985 2987 2989 2990 2993 2996 3024 3053 3054 3055 3056 3057 3058 10103 10104 10105 10113 10115 10117 10118 10139 10140 10141 10142 10144 10145 10469 10471 10499 10500 10502 10528 10529 10531 10533 10534 10538 10539 10565 10566 10588 10590 10666 10667 10676 10679 10680 10705 10707
pocket16 ,    16,    9.19,       0.422,         70,         37,   -24.3724,    -0.7206,     5.4497, A_1335 A_1338 A_1339 A_1469 A_1470 A_1474 A_1480 A_270 A_273 A_404 A_408 A_411, 2099 2100 2123 2124 2125 2126 2127 2128 3142 3146 3147 3173 3174 3200 10623 10625 10649 10651 10656 10658 11702 11707 11709 11712 11714 11718 11750 11751 11752 11753 11754 11755 11756 11796 11797 11798 11800
pocket17 ,    17,    6.30,       0.263,         62,         25,     6.1877,    15.7829,    10.7119, A_1005 A_1008 A_1009 A_1012 A_1356 A_1359 A_1360 A_1363 A_1364 A_1450 A_1454 A_954 A_955 A_958 A_992 A_995, 7550 7551 7561 7563 7586 7842 7843 7867 7944 7966 7976 7978 7998 10801 10823 10825 10828 10830 10860 10861 10871 11553 11554 11555 11584
pocket18 ,    18,    5.36,       0.209,         42,         22,    -4.4234,   -24.9567,   -14.3088, A_137 A_140 A_141 A_144 A_247 A_250 A_655 A_658 A_659 A_662 A_691, 1056 1061 1063 1082 1083 1084 1091 1109 1931 1960 5167 5187 5188 5196 5197 5202 5227 5228 5229 5230 5468 5469
pocket19 ,    19,    4.71,       0.170,         49,         24,     1.3890,    26.3487,     7.6900, A_1001 A_1355 A_1359 A_1362 A_1392 A_897 A_900 A_901 A_991 A_994 A_998, 7098 7099 7101 7102 7122 7124 7127 7832 7833 7859 7891 7912 10793 10794 10820 10821 10822 10847 10848 10849 10850 10852 11097 11099
pocket20 ,    20,    3.43,       0.098,         33,         25,    -0.7253,    22.3379,   -12.5939, A_1386 A_1393 A_1394 A_1397 A_374 A_379 A_383, 2906 2907 2936 2937 2938 2940 2972 2974 2975 2976 2977 2978 11041 11102 11103 11104 11107 11108 11112 11113 11114 11115 11132 11133 11135
pocket21 ,    21,    3.20,       0.088,         48,         24,   -18.1145,   -33.2199,    -8.5013, A_123 A_129 A_133 A_179 A_183 A_195 A_197 A_198 A_201 A_2143 A_249 A_252 A_253, 937 995 996 997 998 1033 1402 1403 1435 1530 1531 1532 1541 1543 1556 1557 1558 1582 1949 1971 1972 1973 1975 17107
pocket22 ,    22,    2.88,       0.073,         20,          9,     3.3398,   -15.2033,     0.3358, A_1137 A_1138 A_1141 A_1142 A_647 A_650 A_654, 5109 5132 5158 9006 9009 9016 9035 9051 9052
pocket23 ,    23,    2.83,       0.071,         41,         18,    22.2183,    25.9876,   -10.3970, A_1370 A_1371 A_1374 A_1421 A_1426 A_1427 A_1431 A_1434 A_1435 A_1436 A_981, 7749 10909 10918 10942 10944 10945 11318 11352 11358 11361 11396 11421 11422 11423 11426 11430 11431 11434
pocket24 ,    24,    2.56,       0.059,         17,         14,    20.1707,    31.0956,    33.2328, A_864 A_866 A_867 A_943 A_944 A_945 A_946, 6829 6837 6838 6843 6856 6858 7453 7457 7458 7465 7469 7473 7485 7486
pocket25 ,    25,    2.53,       0.057,         48,         24,    34.4183,   -18.8701,    -3.2255, A_556 A_559 A_560 A_563 A_601 A_602 A_605 A_615 A_619 A_622, 4386 4388 4389 4406 4407 4408 4409 4410 4412 4413 4416 4443 4742 4743 4745 4749 4750 4771 4772 4773 4847 4878 4879 4905
pocket26 ,    26,    2.52,       0.057,         33,         18,   -27.8789,     7.6041,   -11.5838, A_1212 A_1216 A_1219 A_1329 A_1336 A_280 A_283, 2178 2179 2181 2204 2205 9660 9685 9687 9688 9689 9690 9712 9714 10578 10579 10580 10582 10633
pocket27 ,    27,    2.49,       0.056,         50,         28,   -13.4904,   -26.7073,   -31.5901, A_162 A_165 A_166 A_211 A_212 A_215 A_237 A_240 A_243, 1252 1253 1254 1255 1256 1276 1278 1282 1283 1284 1288 1290 1659 1665 1666 1687 1689 1690 1691 1846 1848 1867 1868 1869 1870 1871 1897 1898
pocket28 ,    28,    2.46,       0.055,         34,         22,   -13.5844,     9.8796,   -30.8662, A_1227 A_1228 A_298 A_338 A_343 A_346 A_348 A_349 A_352 A_721 A_722, 2325 2326 2617 2620 2647 2670 2684 2685 2686 2689 2694 2723 2724 5695 5696 5697 5700 5704 9772 9773 9775 9788
pocket29 ,    29,    2.39,       0.052,         44,         20,    -4.7112,    36.4297,    30.2410, A_1849 A_1850 A_1851 A_1852 A_854 A_855 A_857 A_881 A_884 A_885 A_886, 6756 6760 6763 6764 6783 6785 6961 6964 6985 6986 6991 6992 6998 7000 7009 14761 14771 14776 14777 14785
pocket30 ,    30,    1.98,       0.035,         30,         19,    13.2139,    35.1800,     2.0000, A_1370 A_902 A_903 A_906 A_919 A_920 A_923 A_984, 7130 7131 7132 7140 7156 7157 7158 7159 7264 7265 7269 7270 7297 7298 7299 7300 7772 7774 10914
pocket31 ,    31,    1.94,       0.034,         30,         19,   -37.6858,     2.7277,    32.7927, A_1533 A_1534 A_1535 A_1536 A_1537 A_1552 A_1555 A_1556 A_1566 A_1570 A_1592 A_1594, 12237 12242 12250 12251 12254 12256 12269 12377 12379 12380 12402 12404 12412 12487 12518 12519 12701 12717 12718
pocket32 ,    32,    1.52,       0.018,         21,         14,   -27.2518,     6.1999,    -5.9303, A_1212 A_1329 A_1333 A_1336 A_276 A_280, 2145 2146 2148 2178 2179 2181 9660 10578 10579 10580 10609 10610 10631 10633
pocket33 ,    33,    1.51,       0.018,         23,         10,    14.7935,    18.4144,     3.7057, A_1364 A_1367 A_1439 A_1442 A_1446 A_985 A_988 A_989, 7782 7808 7817 10871 10872 10893 11457 11459 11478 11516
pocket34 ,    34,    1.50,       0.017,         17,          5,   -49.1589,   -35.5190,    49.3556, A_2061 A_2088 A_2092 A_2094 A_2099, 16481 16690 16715 16731 16769
pocket35 ,    35,    1.48,       0.017,         23,         15,   -25.8591,     3.7897,    12.8899, A_1174 A_1338 A_1342 A_1468 A_1469 A_1472 A_1474 A_1479 A_1480, 9320 10651 10687 11694 11700 11703 11705 11732 11734 11757 11789 11790 11791 11799 11801
pocket36 ,    36,    1.42,       0.015,         30,         16,     3.4637,    -1.1239,   -22.4759, A_684 A_685 A_686 A_706 A_709 A_710 A_713, 5400 5403 5405 5406 5407 5408 5412 5413 5419 5423 5424 5583 5584 5611 5618 5646
pocket37 ,    37,    1.31,       0.012,         26,         13,   -24.5489,    19.9048,   -26.8386, A_1225 A_1229 A_1234 A_1237 A_1238 A_1241 A_1319 A_294, 2294 2295 9755 9756 9757 9758 9797 9798 9839 9858 9868 9893 10493
pocket38 ,    38,    1.14,       0.008,         28,         17,    -5.8220,   -17.0641,   -31.9181, A_146 A_148 A_149 A_152 A_237 A_670 A_671 A_673 A_675, 1127 1128 1142 1145 1148 1178 1847 1848 1849 5285 5287 5288 5289 5296 5315 5325 5326
pocket39 ,    39,    1.09,       0.007,         15,         10,    -0.2677,     5.1742,    18.7488, A_1007 A_1010 A_1011 A_1154 A_1158, 7956 7958 7960 7983 7984 7986 9143 9144 9180 9183
pocket40 ,    40,    1.08,       0.006,         24,          9,   -57.7083,     0.1266,    25.9258, A_1503 A_1524 A_1606 A_1607 A_1610, 12004 12168 12169 12804 12813 12833 12835 12837 12839
pocket41 ,    41,    0.96,       0.004,         36,         16,     5.4317,   -12.7235,   -30.1202, A_1122 A_1123 A_674 A_676 A_677 A_687 A_689 A_690 A_693, 5317 5332 5346 5347 5430 5431 5447 5448 5449 5450 5457 5481 5482 8875 8876 8885
