"dnaProb","dnaBin","rnaProb","rnaBin","pProb","pBin"
0.037,0,0.163,0,0.078,0
0.022,0,0.129,0,0.097,0
0.02,0,0.126,0,0.061,0
0.014,0,0.117,0,0.037,0
0.026,0,0.133,0,0.04,0
0.006,0,0.068,0,0.035,0
0.026,0,0.143,0,0.051,0
0.019,0,0.127,0,0.041,0
0.008,0,0.076,0,0.049,0
0.015,0,0.196,0,0.037,0
0.006,0,0.042,0,0.041,0
0.007,0,0.071,0,0.048,0
0.027,0,0.075,0,0.061,0
0.003,0,0.052,0,0.078,0
0.012,0,0.052,0,0.18,0
0.016,0,0.019,0,0.18,0
0.057,0,0.119,0,0.11,0
0.022,0,0.025,0,0.238,0
0.055,0,0.095,0,0.098,0
0.047,0,0.021,0,0.349,1
0.029,0,0.118,0,0.102,0
0.019,0,0.055,0,0.153,0
0.042,0,0.131,0,0.109,0
0.054,0,0.095,0,0.093,0
0.058,0,0.133,0,0.068,0
0.132,0,0.194,0,0.08,0
0.043,0,0.066,0,0.074,0
0.148,0,0.224,0,0.057,0
0.121,0,0.19,0,0.117,0
0.1,0,0.154,0,0.064,0
0.131,0,0.24,0,0.112,0
0.01,0,0.028,0,0.146,0
0.025,0,0.065,0,0.124,0
0.008,0,0.025,0,0.181,0
0.008,0,0.069,0,0.338,1
0.003,0,0.014,0,0.511,1
0.008,0,0.01,0,0.68,1
0.001,0,0.018,0,0.558,1
0.001,0,0.008,0,0.696,1
0.001,0,0.009,0,0.616,1
0,0,0.003,0,0.624,1
0,0,0.013,0,0.566,1
0.001,0,0.009,0,0.489,1
0,0,0.004,0,0.373,1
0,0,0.003,0,0.375,1
0,0,0.007,0,0.481,1
0.001,0,0.004,0,0.347,1
0,0,0.001,0,0.114,0
0,0,0.003,0,0.445,1
0,0,0.006,0,0.279,0
0,0,0.003,0,0.265,0
0,0,0,0,0.003,0
0.001,0,0.019,0,0.434,1
0.003,0,0.035,0,0.347,1
0,0,0.004,0,0.054,0
0,0,0.001,0,0.002,0
0,0,0.007,0,0.238,0
0.003,0,0.038,0,0.224,0
0,0,0.012,0,0.137,0
0,0,0,0,0.002,0
0,0,0.009,0,0.287,0
0.001,0,0.012,0,0.254,0
0,0,0.008,0,0.208,0
0,0,0.001,0,0.054,0
0,0,0.004,0,0.355,1
0,0,0.009,0,0.254,0
0,0,0.008,0,0.085,0
0,0,0.008,0,0.138,0
0.001,0,0.043,0,0.351,1
0,0,0.017,0,0.139,0
0,0,0.018,0,0.101,0
0,0,0.02,0,0.098,0
0,0,0.007,0,0.076,0
0,0,0.002,0,0.015,0
0,0,0.021,0,0.086,0
0,0,0.01,0,0.145,0
0,0,0.003,0,0.018,0
0,0,0,0,0.007,0
0.001,0,0.02,0,0.1,0
0,0,0.016,0,0.204,0
0,0,0,0,0.001,0
0.001,0,0.005,0,0.031,0
0.002,0,0.009,0,0.189,0
0,0,0.006,0,0.237,0
0,0,0.002,0,0.058,0
0,0,0.001,0,0.02,0
0,0,0,0,0.004,0
0,0,0.001,0,0.002,0
0,0,0,0,0.003,0
0,0,0.001,0,0.003,0
0,0,0.001,0,0.004,0
0,0,0.01,0,0.02,0
0.002,0,0.013,0,0.121,0
0.002,0,0.025,0,0.048,0
0,0,0.002,0,0.031,0
0.003,0,0.012,0,0.039,0
0,0,0.004,0,0.019,0
0.001,0,0.003,0,0.135,0
0,0,0.006,0,0.032,0
0,0,0.003,0,0.048,0
0,0,0.007,0,0.028,0
0,0,0.001,0,0.008,0
0,0,0.001,0,0.199,0
0,0,0.003,0,0.12,0
0,0,0,0,0.006,0
0,0,0,0,0,0
0,0,0,0,0.098,0
0,0,0,0,0.001,0
0,0,0,0,0.007,0
0,0,0,0,0.231,0
0,0,0.001,0,0.18,0
0,0,0,0,0.003,0
0,0,0,0,0.001,0
0,0,0.005,0,0.229,0
0,0,0.001,0,0.011,0
0,0,0,0,0.014,0
0,0,0,0,0,0
0,0,0,0,0.001,0
0,0,0,0,0,0
0,0,0,0,0,0
0,0,0.001,0,0.012,0
0,0,0,0,0.005,0
0,0,0,0,0.002,0
0,0,0,0,0.007,0
0,0,0.001,0,0.001,0
0,0,0,0,0,0
0,0,0,0,0.001,0
0,0,0.003,0,0.024,0
0,0,0,0,0,0
0,0,0,0,0,0
0,0,0,0,0.002,0
0,0,0,0,0.001,0
0,0,0,0,0,0
0,0,0.002,0,0.01,0
0,0,0.013,0,0.054,0
0,0,0.004,0,0.042,0
0,0,0.004,0,0.008,0
0.002,0,0.023,0,0.073,0
0.004,0,0.022,0,0.193,0
0.002,0,0.015,0,0.115,0
0,0,0.005,0,0.01,0
0,0,0.011,0,0.03,0
0.002,0,0.014,0,0.071,0
0.001,0,0.005,0,0.056,0
0,0,0.001,0,0.007,0
0,0,0,0,0,0
0,0,0.003,0,0.018,0
0,0,0.004,0,0.02,0
0,0,0,0,0,0
0,0,0.004,0,0.03,0
0.01,0,0.01,0,0.046,0
0.007,0,0.02,0,0.033,0
0,0,0.004,0,0.025,0
0,0,0.002,0,0.015,0
0,0,0,0,0.006,0
0,0,0,0,0,0
0,0,0,0,0.003,0
0,0,0.007,0,0.075,0
0,0,0,0,0,0
0,0,0.028,0,0.024,0
0.066,0,0.373,1,0.395,1
0.001,0,0.021,0,0.068,0
0.02,0,0.036,0,0.352,1
0.005,0,0.019,0,0.226,0
0.003,0,0.057,0,0.154,0
0.076,0,0.34,1,0.473,1
0.261,1,0.413,1,0.585,1
0.05,0,0.442,1,0.467,1
0.006,0,0.26,0,0.193,0
0.06,0,0.448,1,0.292,0
0.007,0,0.138,0,0.191,0
0,0,0.02,0,0.016,0
0.005,0,0.046,0,0.044,0
0,0,0.003,0,0.004,0
0.003,0,0.038,0,0.015,0
0,0,0.003,0,0.001,0
0.002,0,0.03,0,0.016,0
0.001,0,0.01,0,0.037,0
0.002,0,0.028,0,0.024,0
0.001,0,0.008,0,0.036,0
0,0,0.009,0,0.064,0
0,0,0.009,0,0.035,0
0,0,0.003,0,0.008,0
0.001,0,0.019,0,0.013,0
0,0,0.003,0,0,0
0.002,0,0.037,0,0.013,0
0.001,0,0.015,0,0.018,0
0.008,0,0.025,0,0.133,0
0.001,0,0.004,0,0.007,0
0.036,0,0.069,0,0.403,1
0.488,1,0.552,1,0.851,1
0,0,0.004,0,0.007,0
0.001,0,0.022,0,0.21,0
0,0,0,0,0.004,0
0,0,0.002,0,0.002,0
0,0,0.008,0,0.049,0
0,0,0.015,0,0.057,0
0,0,0,0,0.004,0
0,0,0.003,0,0.021,0
0,0,0,0,0.002,0
0,0,0.001,0,0.002,0
0,0,0.002,0,0,0
0,0,0,0,0,0
0,0,0,0,0.006,0
0,0,0.001,0,0,0
0.004,0,0.025,0,0.023,0
0.001,0,0.011,0,0.01,0
0.002,0,0.03,0,0.02,0
0.005,0,0.021,0,0.016,0
0.006,0,0.028,0,0.04,0
0.013,0,0.041,0,0.043,0
0.019,0,0.11,0,0.102,0
0.001,0,0.056,0,0.046,0
0.035,0,0.302,1,0.206,0
0.066,0,0.457,1,0.305,1
0.112,0,0.473,1,0.289,0
0.049,0,0.274,1,0.292,0
0.001,0,0.014,0,0.011,0
0.001,0,0.026,0,0.014,0
0,0,0.002,0,0.003,0
0,0,0,0,0,0
0,0,0.001,0,0.001,0
0,0,0,0,0.001,0
0,0,0,0,0,0
0,0,0.002,0,0.016,0
0,0,0.001,0,0.037,0
0,0,0.004,0,0.031,0
0,0,0.003,0,0.022,0
0,0,0.009,0,0.035,0
0,0,0.014,0,0.022,0
0,0,0.002,0,0.034,0
0.003,0,0.02,0,0.122,0
0,0,0.015,0,0.095,0
0.003,0,0.026,0,0.149,0
0.043,0,0.228,0,0.296,0
0.001,0,0.085,0,0.275,0
0.051,0,0.185,0,0.606,1
0.018,0,0.197,0,0.521,1
0.153,0,0.409,1,0.822,1
0.344,1,0.3,1,0.894,1
0.008,0,0.05,0,0.295,0
0,0,0.006,0,0.1,0
0.02,0,0.128,0,0.525,1
0,0,0.001,0,0.01,0
0,0,0.004,0,0.041,0
0,0,0.005,0,0.042,0
0.011,0,0.161,0,0.568,1
0.002,0,0.053,0,0.143,0
0.002,0,0.011,0,0.226,0
0,0,0.003,0,0,0
0.002,0,0.016,0,0.068,0
0,0,0.003,0,0.002,0
0.002,0,0.03,0,0.061,0
0.001,0,0.04,0,0.024,0
0,0,0.002,0,0.002,0
0,0,0.018,0,0.025,0
0,0,0.001,0,0,0
0,0,0.005,0,0.021,0
0,0,0.008,0,0.057,0
0,0,0.005,0,0.039,0
0,0,0.001,0,0.006,0
0,0,0.003,0,0.02,0
0,0,0.001,0,0.003,0
0.007,0,0.068,0,0.161,0
0,0,0.004,0,0.083,0
0.001,0,0.009,0,0.047,0
0.002,0,0.018,0,0.057,0
0.001,0,0.024,0,0.079,0
0,0,0,0,0,0
0.04,0,0.396,1,0.246,0
0.016,0,0.239,0,0.295,0
0,0,0.002,0,0.009,0
0,0,0.003,0,0.012,0
0.004,0,0.235,0,0.33,1
0,0,0.091,0,0.14,0
0,0,0.002,0,0.001,0
0,0,0.054,0,0.07,0
0.001,0,0.081,0,0.058,0
0,0,0.019,0,0.033,0
0,0,0.001,0,0.001,0
0.005,0,0.133,0,0.162,0
0,0,0,0,0.001,0
0,0,0,0,0.005,0
0,0,0,0,0.011,0
0,0,0,0,0,0
0,0,0,0,0.003,0
0,0,0,0,0.009,0
0,0,0,0,0.002,0
0,0,0,0,0.031,0
0,0,0,0,0.013,0
0,0,0,0,0.023,0
0,0,0,0,0.002,0
0,0,0.002,0,0.456,1
0,0,0.004,0,0.074,0
0,0,0,0,0.017,0
0,0,0.001,0,0.196,0
0,0,0.005,0,0.268,0
0,0,0.003,0,0.142,0
0,0,0,0,0.005,0
0.001,0,0.006,0,0.22,0
0.002,0,0.015,0,0.216,0
0.068,0,0.04,0,0.466,1
0.002,0,0.004,0,0.026,0
0.009,0,0.021,0,0.21,0
0.033,0,0.029,0,0.393,1
0.539,1,0.259,0,0.629,1
0.041,0,0.098,0,0.326,1
0.345,1,0.269,1,0.616,1
0.631,1,0.383,1,0.727,1
0.103,0,0.15,0,0.401,1
0.092,0,0.164,0,0.435,1
0.04,0,0.044,0,0.22,0
0.079,0,0.056,0,0.322,1
0.013,0,0.029,0,0.255,0
0.011,0,0.056,0,0.239,0
0.298,1,0.286,1,0.686,1
0.252,1,0.282,1,0.741,1
0.094,0,0.13,0,0.803,1
0.042,0,0.087,0,0.658,1
0.036,0,0.122,0,0.561,1
0.128,0,0.22,0,0.778,1
0.006,0,0.033,0,0.698,1
0,0,0.014,0,0.252,0
0.003,0,0.045,0,0.561,1
0.002,0,0.01,0,0.555,1
0,0,0.001,0,0.05,0
0,0,0.005,0,0.557,1
0.003,0,0.01,0,0.527,1
0,0,0.002,0,0.412,1
0,0,0,0,0.129,0
0,0,0.001,0,0.678,1
0.001,0,0.017,0,0.622,1
0,0,0,0,0.051,0
0,0,0.001,0,0.617,1
0,0,0.012,0,0.667,1
0,0,0.005,0,0.542,1
0,0,0,0,0.058,0
0,0,0.001,0,0.561,1
0,0,0.027,0,0.586,1
0,0,0,0,0.018,0
0,0,0,0,0.012,0
0,0,0.011,0,0.534,1
0,0,0.007,0,0.114,0
0,0,0.009,0,0.028,0
0,0,0.006,0,0.105,0
0.001,0,0.031,0,0.225,0
0.002,0,0.052,0,0.086,0
0.002,0,0.063,0,0.284,0
0.04,0,0.328,1,0.263,0
0,0,0.004,0,0.023,0
0.01,0,0.265,1,0.205,0
0.002,0,0.03,0,0.63,1
0,0,0.021,0,0.601,1
0,0,0,0,0.005,0
0.001,0,0.011,0,0.055,0
0.001,0,0.049,0,0.715,1
0,0,0,0,0.039,0
0.001,0,0.006,0,0.094,0
0,0,0.003,0,0.605,1
0,0,0.014,0,0.643,1
0,0,0,0,0.015,0
0,0,0,0,0.063,0
0.002,0,0.02,0,0.531,1
0,0,0.001,0,0.161,0
0,0,0,0,0.002,0
0.006,0,0.04,0,0.697,1
0.003,0,0.012,0,0.558,1
0,0,0,0,0.005,0
0,0,0.001,0,0.029,0
0.011,0,0.044,0,0.799,1
0.001,0,0.008,0,0.509,1
0,0,0,0,0.011,0
0.001,0,0.006,0,0.551,1
0.097,0,0.134,0,0.846,1
0.001,0,0.002,0,0.166,0
0,0,0.005,0,0.297,0
0.267,1,0.137,0,0.738,1
0.177,0,0.117,0,0.797,1
0.209,0,0.132,0,0.635,1
0.003,0,0.004,0,0.135,0
0.205,0,0.121,0,0.886,1
0.067,0,0.054,0,0.828,1
0.014,0,0.048,0,0.725,1
0.018,0,0.035,0,0.733,1
0.076,0,0.058,0,0.619,1
0,0,0.005,0,0.304,1
0,0,0.003,0,0.03,0
0.003,0,0.041,0,0.615,1
0,0,0.004,0,0.109,0
0,0,0,0,0.042,0
0.039,0,0.066,0,0.779,1
0.014,0,0.148,0,0.63,1
0,0,0.002,0,0.027,0
0,0,0,0,0.015,0
0.381,1,0.269,1,0.879,1
0.022,0,0.164,0,0.781,1
0,0,0.001,0,0.028,0
0.027,0,0.064,0,0.672,1
0.42,1,0.397,1,0.904,1
0.002,0,0.091,0,0.589,1
0.001,0,0.054,0,0.13,0
0.075,0,0.27,1,0.473,1
0.257,1,0.355,1,0.658,1
0.025,0,0.072,0,0.514,1
0.106,0,0.194,0,0.65,1
0.193,0,0.454,1,0.553,1
0.001,0,0.013,0,0.112,0
0.049,0,0.088,0,0.696,1
0.196,0,0.279,1,0.713,1
0.029,0,0.372,1,0.515,1
0.004,0,0.047,0,0.628,1
0.072,0,0.187,0,0.7,1
0.439,1,0.721,1,0.604,1
0.009,0,0.12,0,0.377,1
0.007,0,0.071,0,0.744,1
0.07,0,0.102,0,0.641,1
0.037,0,0.149,0,0.344,1
0.002,0,0.05,0,0.568,1
0.019,0,0.072,0,0.701,1
0.098,0,0.087,0,0.404,1
0.096,0,0.2,0,0.332,1
