name     ,  rank,   score, probability, sas_points, surf_atoms,   center_x,   center_y,   center_z, residue_ids, surf_atom_ids
pocket1  ,     1,   10.59,       0.488,         93,         47,    13.0117,    15.1589,     3.0818, A_134 A_136 A_137 A_152 A_153 A_168 A_169 A_170 A_219 A_220 A_241 A_245 A_61 A_62 A_63 A_65 A_666 A_667 A_668 A_671, 472 476 478 485 486 489 490 493 495 510 512 1062 1063 1075 1082 1083 1084 1202 1203 1313 1314 1315 1316 1317 1323 1328 1330 1689 1691 1693 1841 1843 1873 5035 5038 5041 5043 5044 5046 5047 5048 5049 5050 5053 5055 5075 5078
pocket2  ,     2,    9.35,       0.430,         91,         46,   -26.2648,     1.3134,    37.1408, A_102 A_105 A_106 A_109 A_295 A_296 A_297 A_299 A_300 A_303 A_308 A_727 A_729 A_730 A_731 A_732 A_735 A_738 A_87, 700 701 812 813 814 815 833 839 840 841 860 2267 2268 2270 2271 2272 2273 2274 2275 2281 2294 2295 2297 2298 2301 2302 2317 2319 2321 2322 2352 2353 2356 5508 5509 5511 5522 5528 5531 5535 5539 5545 5546 5571 5572 5599
pocket3  ,     3,    8.20,       0.370,        112,         53,    24.4890,     6.4706,   -20.9682, A_180 A_182 A_193 A_194 A_196 A_225 A_226 A_413 A_424 A_426 A_427 A_453 A_454 A_456 A_459 A_461 A_480 A_481 A_482 A_523 A_524 A_525, 1409 1410 1426 1427 1504 1505 1506 1510 1524 1525 1731 1732 1733 3130 3131 3133 3213 3214 3215 3216 3229 3230 3236 3237 3239 3436 3439 3442 3443 3444 3445 3446 3447 3448 3449 3456 3457 3461 3486 3487 3509 3510 3666 3670 3672 3673 3676 4005 4007 4008 4015 4025 4026
pocket4  ,     4,    7.27,       0.318,         73,         36,   -17.5456,   -22.8730,    29.6453, A_817 A_820 A_821 A_824 A_838 A_839 A_844 A_845 A_848 A_849 A_852 A_856 A_875 A_878 A_882, 6231 6232 6236 6258 6259 6260 6270 6272 6273 6274 6292 6294 6295 6397 6398 6399 6401 6408 6448 6450 6454 6457 6458 6480 6481 6490 6506 6507 6508 6536 6537 6694 6715 6717 6752 6753
pocket5  ,     5,    6.33,       0.265,         62,         24,    16.9795,     4.2102,    -8.0231, A_168 A_184 A_186 A_187 A_192 A_222 A_224 A_358 A_359 A_360 A_380 A_421 A_425 A_644 A_664 A_666, 1317 1442 1443 1458 1464 1496 1705 1708 1724 2718 2721 2722 2728 2737 2883 2885 3188 3192 3221 3222 4898 5026 5029 5040
pocket6  ,     6,    4.75,       0.172,         47,         25,   -30.6632,    -4.2981,    19.5975, A_269 A_272 A_273 A_276 A_305 A_707 A_710 A_711 A_714 A_715 A_771 A_776 A_780, 2056 2058 2059 2082 2085 2087 2090 2094 2118 2331 2332 5366 5367 5385 5388 5392 5393 5394 5412 5418 5859 5899 5900 5932 5933
pocket7  ,     7,    3.87,       0.123,         43,         26,   -12.1888,    -3.7183,    27.9037, A_113 A_116 A_117 A_120 A_308 A_309 A_312 A_738 A_739 A_743 A_744 A_747, 888 890 891 910 911 912 913 941 944 2350 2351 2357 2358 2380 2381 2382 5598 5604 5606 5608 5609 5636 5644 5645 5665 5666
pocket8  ,     8,    3.47,       0.100,         47,         24,   -14.3731,   -17.1023,    10.1994, A_694 A_697 A_698 A_701 A_752 A_753 A_754 A_755 A_758 A_761 A_827 A_828 A_829 A_830 A_836, 5247 5249 5274 5275 5276 5284 5309 5310 5697 5704 5709 5715 5719 5722 5744 5746 5773 5774 6311 6324 6325 6339 6389 6390
pocket9  ,     9,    3.06,       0.082,         43,         21,   -15.6743,     4.1340,    -0.0902, A_254 A_255 A_257 A_260 A_340 A_633 A_637 A_638 A_656 A_766, 1941 1947 1965 1966 1992 2594 2596 4820 4821 4822 4850 4858 4859 4974 4976 4977 5815 5817 5818 5819 5820
pocket10 ,    10,    3.05,       0.081,         33,         22,   -32.4923,     7.4031,    30.9166, A_274 A_277 A_281 A_295 A_298 A_299 A_302 A_86 A_90 A_93, 692 715 716 720 738 2097 2100 2102 2104 2125 2126 2152 2264 2266 2286 2287 2288 2289 2290 2291 2296 2315
pocket11 ,    11,    3.04,       0.080,         49,         26,   -10.9963,     2.1091,    15.3835, A_121 A_125 A_256 A_258 A_259 A_262 A_311 A_314 A_315 A_318 A_335 A_336, 949 950 951 953 990 1958 1972 1974 1976 1980 1983 2003 2004 2370 2372 2373 2394 2395 2403 2424 2555 2558 2560 2563 2564 2565
pocket12 ,    12,    2.35,       0.050,         41,         21,   -18.2409,     2.2712,    19.3624, A_262 A_263 A_266 A_269 A_307 A_310 A_311 A_78 A_81 A_83, 626 654 668 2002 2003 2004 2005 2013 2031 2032 2060 2344 2346 2347 2365 2368 2369 2370 2373 2374 2375
pocket13 ,    13,    2.18,       0.043,         19,         13,    12.0465,    -0.5498,   -18.8872, A_192 A_351 A_360 A_521 A_523 A_544 A_545 A_546 A_572 A_576 A_580, 1498 2672 2739 3992 4006 4008 4152 4158 4169 4355 4384 4386 4411
pocket14 ,    14,    1.98,       0.035,         30,         18,     3.9454,    16.5174,    -9.4959, A_188 A_209 A_210 A_240 A_244 A_247 A_621 A_622 A_623 A_647, 1468 1611 1612 1613 1618 1621 1832 1862 1863 1890 1891 4722 4728 4729 4730 4736 4738 4911
pocket15 ,    15,    1.97,       0.035,         39,         26,   -21.7650,     2.7914,    20.4294, A_262 A_263 A_265 A_266 A_267 A_269 A_270 A_306 A_307 A_310 A_311 A_81 A_82 A_83, 653 654 661 668 2002 2008 2013 2025 2027 2031 2032 2033 2034 2035 2060 2061 2338 2339 2344 2346 2347 2365 2368 2373 2374 2375
pocket16 ,    16,    1.91,       0.032,         43,         19,   -18.3679,   -10.9969,     5.3574, A_693 A_696 A_697 A_700 A_761 A_764 A_768 A_769 A_770 A_772, 5240 5265 5267 5276 5277 5300 5301 5302 5772 5794 5795 5796 5797 5834 5835 5838 5842 5846 5867
pocket17 ,    17,    1.75,       0.026,         26,         13,   -19.6441,   -27.0261,    22.3238, A_821 A_824 A_833 A_834 A_838 A_886 A_889 A_890 A_893, 6270 6272 6295 6360 6361 6371 6373 6402 6777 6796 6797 6803 6823
pocket18 ,    18,    1.34,       0.013,         19,         13,    13.7463,   -10.4745,   -16.5426, A_361 A_363 A_375 A_377 A_378 A_547 A_548 A_583, 2746 2759 2760 2850 2864 2871 4174 4177 4180 4183 4186 4430 4431
pocket19 ,    19,    1.24,       0.010,         17,         14,    13.7588,    38.7613,     2.9622, A_15 A_17 A_18 A_53 A_57 A_58, 116 130 133 134 137 141 142 144 401 402 435 436 438 449
pocket20 ,    20,    1.01,       0.005,         15,          9,   -12.9187,    -0.8849,   -11.6996, A_346 A_565 A_612 A_632 A_635 A_637, 2635 4303 4645 4648 4649 4816 4838 4839 4852
