"dnaProb","dnaBin","rnaProb","rnaBin","pProb","pBin"
0.21,0,0.342,1,0.033,0
0.041,0,0.165,0,0.02,0
0.059,0,0.237,0,0.014,0
0.05,0,0.17,0,0.006,0
0.041,0,0.233,0,0.005,0
0.022,0,0.072,0,0.004,0
0.012,0,0.055,0,0.014,0
0.016,0,0.086,0,0.022,0
0.007,0,0.016,0,0.019,0
0.008,0,0.062,0,0.041,0
0.015,0,0.025,0,0.165,0
0.002,0,0.006,0,0.089,0
0,0,0.003,0,0.096,0
0.002,0,0.011,0,0.177,0
0,0,0.002,0,0.131,0
0,0,0.003,0,0.104,0
0,0,0.002,0,0.242,0
0,0,0.003,0,0.226,0
0,0,0.001,0,0.13,0
0,0,0.001,0,0.126,0
0,0,0.001,0,0.063,0
0,0,0.002,0,0.013,0
0,0,0.002,0,0.024,0
0,0,0.001,0,0.009,0
0.001,0,0.003,0,0.004,0
0.001,0,0.002,0,0.007,0
0.001,0,0.002,0,0.011,0
0,0,0.002,0,0.007,0
0,0,0.001,0,0.01,0
0,0,0.002,0,0.021,0
0,0,0.001,0,0.006,0
0,0,0.001,0,0.007,0
0,0,0.002,0,0.004,0
0,0,0,0,0,0
0,0,0,0,0,0
0,0,0.026,0,0.018,0
0,0,0.004,0,0.011,0
0,0,0.001,0,0.003,0
0,0,0.01,0,0.009,0
0,0,0,0,0.006,0
0,0,0.01,0,0.011,0
0.001,0,0.028,0,0.012,0
0.002,0,0.013,0,0.022,0
0.004,0,0.038,0,0.041,0
0.001,0,0.01,0,0.015,0
0.019,0,0.025,0,0.037,0
0.001,0,0.002,0,0.013,0
0.108,0,0.023,0,0.024,0
0.018,0,0.012,0,0.022,0
0.021,0,0.015,0,0.006,0
0.039,0,0.027,0,0.005,0
0.001,0,0.006,0,0.001,0
0.001,0,0.01,0,0.006,0
0,0,0.001,0,0.005,0
0.004,0,0.05,0,0.006,0
0.003,0,0.028,0,0.011,0
0,0,0.006,0,0.009,0
0.005,0,0.019,0,0.035,0
0.004,0,0.008,0,0.049,0
0.003,0,0.01,0,0.033,0
0.001,0,0.006,0,0.014,0
0,0,0.006,0,0.001,0
0.007,0,0.016,0,0.018,0
0.001,0,0.002,0,0.001,0
0.001,0,0.001,0,0.006,0
0.118,0,0.098,0,0.006,0
0.001,0,0,0,0.001,0
0.012,0,0.008,0,0.003,0
0.06,0,0.023,0,0.019,0
0.031,0,0.025,0,0.035,0
0.004,0,0.011,0,0.009,0
0.001,0,0.01,0,0.012,0
0.002,0,0.009,0,0.013,0
0.001,0,0.006,0,0.007,0
0,0,0.004,0,0.009,0
0.003,0,0.023,0,0.007,0
0,0,0,0,0.002,0
0.006,0,0.042,0,0.006,0
0.001,0,0.011,0,0.009,0
0,0,0.001,0,0.002,0
0,0,0,0,0.005,0
0.002,0,0.007,0,0.015,0
0.001,0,0.002,0,0.016,0
0.002,0,0.012,0,0.007,0
0.003,0,0.006,0,0.017,0
0,0,0,0,0.001,0
0,0,0,0,0.003,0
0.001,0,0.001,0,0.006,0
0,0,0.001,0,0.004,0
0,0,0,0,0.001,0
0,0,0,0,0,0
0,0,0,0,0,0
0,0,0,0,0,0
0,0,0,0,0,0
0,0,0,0,0,0
0,0,0,0,0,0
0.177,0,0.101,0,0.002,0
0.002,0,0.001,0,0.001,0
0.127,0,0.108,0,0.004,0
0.124,0,0.033,0,0.005,0
0.006,0,0.005,0,0.003,0
0.013,0,0.013,0,0.007,0
0,0,0.003,0,0.002,0
0.001,0,0.001,0,0.001,0
0,0,0,0,0,0
0,0,0,0,0,0
0,0,0,0,0,0
0,0,0,0,0,0
0,0,0,0,0,0
0,0,0.001,0,0.003,0
0.001,0,0.008,0,0.025,0
0.006,0,0.024,0,0.036,0
0.015,0,0.038,0,0.069,0
0.001,0,0.013,0,0.03,0
0.001,0,0.008,0,0.02,0
0,0,0.001,0,0.002,0
0.001,0,0.003,0,0.015,0
0,0,0,0,0,0
0,0,0,0,0,0
0,0,0,0,0,0
0,0,0,0,0,0
0,0,0,0,0,0
0.001,0,0,0,0.001,0
0.002,0,0.006,0,0.003,0
0,0,0.002,0,0.001,0
0,0,0,0,0,0
0,0,0,0,0,0
0,0,0,0,0,0
0,0,0,0,0,0
0,0,0.001,0,0.001,0
0.002,0,0.009,0,0.012,0
0.002,0,0.003,0,0.003,0
0,0,0,0,0,0
0.009,0,0.009,0,0.004,0
0,0,0.003,0,0.001,0
0,0,0,0,0,0
0,0,0.002,0,0.002,0
0,0,0.007,0,0.002,0
0.001,0,0.005,0,0.004,0
0,0,0.003,0,0.001,0
0.024,0,0.007,0,0.003,0
0,0,0,0,0,0
0.002,0,0.002,0,0.001,0
0.028,0,0.006,0,0.004,0
0.055,0,0.065,0,0.002,0
0.056,0,0.019,0,0.004,0
0.014,0,0.013,0,0.002,0
0.003,0,0.001,0,0,0
0,0,0.001,0,0.002,0
0,0,0,0,0,0
0,0,0,0,0,0
0,0,0,0,0,0
0,0,0,0,0,0
0,0,0,0,0,0
0,0,0.001,0,0.005,0
0,0,0.001,0,0.001,0
0.002,0,0.002,0,0.004,0
0,0,0.001,0,0.002,0
0,0,0,0,0,0
0,0,0,0,0.001,0
0,0,0,0,0,0
0,0,0,0,0.001,0
0,0,0,0,0,0
0.001,0,0.002,0,0.001,0
0,0,0.001,0,0.002,0
0,0,0.001,0,0.004,0
0,0,0,0,0.004,0
0,0,0.001,0,0.001,0
0,0,0.001,0,0.002,0
0,0,0.001,0,0.005,0
0,0,0.002,0,0.001,0
0.002,0,0.003,0,0.007,0
0,0,0.001,0,0.001,0
0.01,0,0.009,0,0.006,0
0,0,0,0,0.001,0
0,0,0,0,0.001,0
0.007,0,0.006,0,0.005,0
0.002,0,0.007,0,0.021,0
0,0,0,0,0.002,0
0.001,0,0.014,0,0.03,0
0,0,0.009,0,0.029,0
0.004,0,0.032,0,0.013,0
0.001,0,0.014,0,0.016,0
0.001,0,0.02,0,0.014,0
0,0,0,0,0.001,0
0,0,0.001,0,0.001,0
0,0,0,0,0,0
0,0,0,0,0,0
0,0,0.001,0,0.002,0
0.002,0,0.027,0,0.019,0
0,0,0.004,0,0.008,0
0.003,0,0.012,0,0.077,0
0.001,0,0.005,0,0.034,0
0,0,0.001,0,0.004,0
0.021,0,0.009,0,0.005,0
0,0,0.001,0,0.003,0
0,0,0,0,0,0
0.02,0,0.01,0,0.005,0
0.002,0,0.002,0,0.001,0
0.013,0,0.013,0,0.001,0
0,0,0,0,0,0
0,0,0.001,0,0.002,0
0,0,0.002,0,0.001,0
0,0,0,0,0,0
0,0,0,0,0.001,0
0,0,0,0,0.001,0
0,0,0,0,0.001,0
0,0,0,0,0.004,0
0,0,0.001,0,0.004,0
0,0,0,0,0.001,0
0,0,0.002,0,0.004,0
0,0,0,0,0,0
0,0,0,0,0,0
0,0,0.001,0,0.003,0
0,0,0.001,0,0.002,0
0,0,0,0,0,0
0,0,0,0,0.001,0
0,0,0.001,0,0.004,0
0,0,0.002,0,0.002,0
0,0,0,0,0.001,0
0,0,0,0,0,0
0,0,0.001,0,0.001,0
0,0,0.002,0,0.009,0
0,0,0.014,0,0.012,0
0.001,0,0.002,0,0.057,0
0,0,0.001,0,0.014,0
0.005,0,0.013,0,0.042,0
0,0,0.003,0,0.02,0
0,0,0.003,0,0.009,0
0,0,0.002,0,0.004,0
0,0,0.003,0,0.016,0
0,0,0.006,0,0.013,0
0.002,0,0.022,0,0.032,0
0.001,0,0.012,0,0.016,0
0.001,0,0.006,0,0.017,0
0.003,0,0.018,0,0.063,0
0.002,0,0.005,0,0.018,0
0.003,0,0.016,0,0.06,0
0.005,0,0.009,0,0.025,0
0.011,0,0.029,0,0.011,0
0.011,0,0.027,0,0.017,0
0.042,0,0.107,0,0.046,0
0.11,0,0.18,0,0.009,0
0.041,0,0.081,0,0.017,0
0.132,0,0.347,1,0.02,0
0.104,0,0.278,1,0.008,0
0.092,0,0.29,1,0.016,0
0.067,0,0.249,0,0.024,0
0.159,0,0.302,1,0.016,0
0.069,0,0.184,0,0.014,0
0.046,0,0.191,0,0.024,0
0.046,0,0.149,0,0.011,0
0.103,0,0.356,1,0.037,0
0.067,0,0.321,1,0.057,0
0.094,0,0.391,1,0.07,0
0.039,0,0.263,1,0.024,0
0.13,0,0.472,1,0.025,0
0.065,0,0.393,1,0.021,0
0.191,0,0.471,1,0.017,0
0.077,0,0.276,1,0.009,0
0.046,0,0.174,0,0.004,0
0.056,0,0.184,0,0.003,0
0.039,0,0.089,0,0.002,0
0.066,0,0.087,0,0.002,0
0.02,0,0.044,0,0.001,0
0.022,0,0.082,0,0.004,0
0.02,0,0.058,0,0.003,0
0.014,0,0.031,0,0.006,0
0.006,0,0.012,0,0.006,0
0.002,0,0.022,0,0.023,0
0.004,0,0.023,0,0.04,0
0.001,0,0.014,0,0.017,0
0.001,0,0.009,0,0.005,0
0.001,0,0.009,0,0.004,0
0.001,0,0.011,0,0.015,0
0.001,0,0.015,0,0.012,0
0,0,0.009,0,0.012,0
0,0,0.006,0,0.006,0
0.001,0,0.009,0,0.006,0
0.001,0,0.006,0,0.006,0
0.001,0,0.01,0,0.008,0
0.001,0,0.01,0,0.007,0
0.001,0,0.011,0,0.003,0
0.001,0,0.016,0,0.004,0
0.001,0,0.016,0,0.007,0
0.001,0,0.012,0,0.007,0
0,0,0.005,0,0.005,0
0.001,0,0.009,0,0.005,0
0.001,0,0.006,0,0.005,0
0.001,0,0.009,0,0.003,0
0.001,0,0.008,0,0.005,0
0.001,0,0.007,0,0.006,0
0.001,0,0.005,0,0.002,0
0.001,0,0.004,0,0.002,0
0.001,0,0.004,0,0.003,0
0.001,0,0.003,0,0.002,0
0.003,0,0.007,0,0.002,0
0.001,0,0.004,0,0.003,0
0.002,0,0.004,0,0.003,0
0.002,0,0.005,0,0.008,0
0.001,0,0.011,0,0.01,0
0.002,0,0.006,0,0.014,0
0.002,0,0.006,0,0.018,0
0.005,0,0.015,0,0.027,0
0.004,0,0.01,0,0.052,0
0.004,0,0.013,0,0.077,0
0.01,0,0.019,0,0.039,0
0.003,0,0.007,0,0.028,0
0.003,0,0.019,0,0.016,0
0.001,0,0.003,0,0.013,0
0.007,0,0.014,0,0.04,0
0.001,0,0.005,0,0.011,0
0.003,0,0.008,0,0.01,0
0.002,0,0.011,0,0.023,0
0.002,0,0.011,0,0.01,0
0.003,0,0.02,0,0.026,0
0.003,0,0.014,0,0.017,0
0.002,0,0.016,0,0.021,0
0.003,0,0.018,0,0.021,0
0.003,0,0.015,0,0.01,0
0.001,0,0.007,0,0.006,0
0.004,0,0.019,0,0.012,0
0.001,0,0.005,0,0.003,0
0.001,0,0.01,0,0.011,0
0.001,0,0.002,0,0.003,0
0.001,0,0.008,0,0.009,0
0.001,0,0.003,0,0.006,0
0.001,0,0.013,0,0.007,0
0.001,0,0.005,0,0.004,0
0.001,0,0.002,0,0.004,0
0.001,0,0.004,0,0.002,0
0.001,0,0.001,0,0.002,0
0.001,0,0.005,0,0.003,0
0.003,0,0.008,0,0.002,0
0.001,0,0.012,0,0.009,0
0.001,0,0.014,0,0.008,0
0.002,0,0.017,0,0.008,0
0.002,0,0.015,0,0.003,0
0.002,0,0.014,0,0.004,0
0.005,0,0.02,0,0.005,0
0.007,0,0.025,0,0.003,0
0.002,0,0.021,0,0.005,0
0.002,0,0.005,0,0.006,0
0.001,0,0.003,0,0.004,0
0.006,0,0.006,0,0.003,0
0.001,0,0.005,0,0.006,0
0.001,0,0.011,0,0.011,0
0.001,0,0.015,0,0.005,0
0.001,0,0.013,0,0.001,0
0.001,0,0.013,0,0.001,0
0.002,0,0.02,0,0.002,0
0.001,0,0.023,0,0.002,0
0.003,0,0.02,0,0.002,0
0.002,0,0.023,0,0.001,0
0.01,0,0.028,0,0.002,0
0.005,0,0.019,0,0.001,0
0.002,0,0.007,0,0.002,0
0.002,0,0.009,0,0.001,0
0.001,0,0.013,0,0.004,0
0.005,0,0.051,0,0.008,0
0.004,0,0.039,0,0.008,0
0.003,0,0.038,0,0.008,0
0.002,0,0.035,0,0.005,0
0.001,0,0.013,0,0.001,0
0.001,0,0.021,0,0.008,0
0.001,0,0.028,0,0.005,0
0.002,0,0.025,0,0.011,0
0.001,0,0.015,0,0.009,0
0.002,0,0.031,0,0.012,0
0.003,0,0.017,0,0.009,0
0.003,0,0.018,0,0.008,0
0.002,0,0.011,0,0.008,0
0.005,0,0.022,0,0.002,0
0.004,0,0.018,0,0.001,0
0.007,0,0.027,0,0.001,0
0.01,0,0.008,0,0,0
0.007,0,0.005,0,0,0
0.01,0,0.011,0,0,0
0.002,0,0.006,0,0,0
0.002,0,0.006,0,0.001,0
0.002,0,0.004,0,0.001,0
0.002,0,0.004,0,0.001,0
0.001,0,0.005,0,0.003,0
0.001,0,0.005,0,0.002,0
0.001,0,0.002,0,0.001,0
0.001,0,0.008,0,0.001,0
0.001,0,0.006,0,0.006,0
0.001,0,0.015,0,0.004,0
0.003,0,0.01,0,0.005,0
0.006,0,0.027,0,0.012,0
0.001,0,0.013,0,0.005,0
0.005,0,0.02,0,0.006,0
0.008,0,0.029,0,0.013,0
0.011,0,0.025,0,0.01,0
0.01,0,0.027,0,0.012,0
0.003,0,0.02,0,0.006,0
0.004,0,0.026,0,0.009,0
0.01,0,0.028,0,0.017,0
0.004,0,0.026,0,0.009,0
0.002,0,0.036,0,0.007,0
0.003,0,0.036,0,0.008,0
0.003,0,0.028,0,0.009,0
0.004,0,0.043,0,0.02,0
0.005,0,0.062,0,0.028,0
0.005,0,0.059,0,0.065,0
0.003,0,0.068,0,0.082,0
0.003,0,0.058,0,0.066,0
0.004,0,0.049,0,0.085,0
0.002,0,0.019,0,0.02,0
0.002,0,0.065,0,0.053,0
0.002,0,0.017,0,0.044,0
0.002,0,0.009,0,0.042,0
0.004,0,0.028,0,0.037,0
0.006,0,0.054,0,0.05,0
0.001,0,0.011,0,0.021,0
0.003,0,0.028,0,0.03,0
0.004,0,0.02,0,0.059,0
0.001,0,0.021,0,0.04,0
0.003,0,0.045,0,0.058,0
0.005,0,0.048,0,0.106,0
0.001,0,0.016,0,0.078,0
0.001,0,0.042,0,0.063,0
0.001,0,0.021,0,0.139,0
0.002,0,0.021,0,0.147,0
0.003,0,0.04,0,0.099,0
0.003,0,0.032,0,0.153,0
0.002,0,0.025,0,0.12,0
0.003,0,0.034,0,0.074,0
0.01,0,0.038,0,0.19,0
0.008,0,0.033,0,0.169,0
0.004,0,0.021,0,0.052,0
0.004,0,0.029,0,0.124,0
0.004,0,0.028,0,0.055,0
0.006,0,0.078,0,0.075,0
0.003,0,0.043,0,0.095,0
0.017,0,0.136,0,0.053,0
0.006,0,0.06,0,0.036,0
0.006,0,0.067,0,0.073,0
0.009,0,0.078,0,0.09,0
0.005,0,0.038,0,0.062,0
0.007,0,0.03,0,0.088,0
0.005,0,0.01,0,0.156,0
0.011,0,0.006,0,0.102,0
0.006,0,0.005,0,0.133,0
0.005,0,0.004,0,0.264,0
0.006,0,0.005,0,0.113,0
0.004,0,0.003,0,0.21,0
0.006,0,0.01,0,0.079,0
0.028,0,0.022,0,0.281,0
0.02,0,0.03,0,0.199,0
0.008,0,0.03,0,0.222,0
0.043,0,0.072,0,0.226,0
0.017,0,0.046,0,0.145,0
0.035,0,0.082,0,0.119,0
0.017,0,0.037,0,0.06,0
0.008,0,0.01,0,0.105,0
0.01,0,0.011,0,0.081,0
0.008,0,0.014,0,0.059,0
0.005,0,0.005,0,0.147,0
0.009,0,0.024,0,0.087,0
0.012,0,0.025,0,0.095,0
0.002,0,0.012,0,0.212,0
0.003,0,0.008,0,0.22,0
0.003,0,0.009,0,0.119,0
0.005,0,0.015,0,0.203,0
0.001,0,0.003,0,0.285,0
0.003,0,0.004,0,0.31,1
0.002,0,0.004,0,0.258,0
0.001,0,0.006,0,0.415,1
0.001,0,0.003,0,0.453,1
0.003,0,0.008,0,0.364,1
0.006,0,0.021,0,0.513,1
0.002,0,0.008,0,0.472,1
0.003,0,0.008,0,0.359,1
0.003,0,0.014,0,0.363,1
0.004,0,0.016,0,0.393,1
0.004,0,0.009,0,0.426,1
0.007,0,0.012,0,0.351,1
0.008,0,0.019,0,0.285,0
0.008,0,0.017,0,0.301,1
0.008,0,0.06,0,0.342,1
0.006,0,0.028,0,0.119,0
0.005,0,0.018,0,0.08,0
0.013,0,0.065,0,0.075,0
0.006,0,0.019,0,0.034,0
0.006,0,0.02,0,0.09,0
0.009,0,0.027,0,0.125,0
0.018,0,0.029,0,0.176,0
0.017,0,0.078,0,0.312,1
0.008,0,0.031,0,0.292,0
0.007,0,0.067,0,0.248,0
0.012,0,0.079,0,0.436,1
0.006,0,0.049,0,0.368,1
0.009,0,0.062,0,0.415,1
0.006,0,0.049,0,0.503,1
0.003,0,0.028,0,0.391,1
0.011,0,0.025,0,0.271,0
0.013,0,0.026,0,0.299,0
0.008,0,0.022,0,0.193,0
0.009,0,0.029,0,0.12,0
0.012,0,0.034,0,0.133,0
0.013,0,0.027,0,0.07,0
0.012,0,0.019,0,0.097,0
0.004,0,0.011,0,0.012,0
0.001,0,0.01,0,0.01,0
0.005,0,0.016,0,0.017,0
0.002,0,0.012,0,0.013,0
0.003,0,0.01,0,0.008,0
0.004,0,0.013,0,0.004,0
0.009,0,0.017,0,0.008,0
0.004,0,0.026,0,0.006,0
0.003,0,0.016,0,0.002,0
0.003,0,0.017,0,0.003,0
0.008,0,0.046,0,0.003,0
0.002,0,0.02,0,0.002,0
0.002,0,0.079,0,0.007,0
0.003,0,0.077,0,0.007,0
0.001,0,0.05,0,0.006,0
0.001,0,0.112,0,0.008,0
0.002,0,0.079,0,0.002,0
0.001,0,0.045,0,0.002,0
0.002,0,0.032,0,0.005,0
0.001,0,0.037,0,0.003,0
0.002,0,0.025,0,0.001,0
0.002,0,0.018,0,0.001,0
0.003,0,0.085,0,0.005,0
0.003,0,0.066,0,0.001,0
0.002,0,0.037,0,0.001,0
0.004,0,0.088,0,0.001,0
0.005,0,0.027,0,0,0
0.006,0,0.013,0,0,0
0.003,0,0.038,0,0.001,0
0.006,0,0.02,0,0.001,0
0.01,0,0.006,0,0.001,0
0.004,0,0.015,0,0,0
0.009,0,0.016,0,0.001,0
0.002,0,0.014,0,0.001,0
0.005,0,0.011,0,0,0
0.005,0,0.016,0,0.002,0
0.003,0,0.015,0,0.004,0
0.002,0,0.019,0,0.001,0
0.001,0,0.013,0,0,0
0,0,0.013,0,0.001,0
0.001,0,0.028,0,0.002,0
0.003,0,0.018,0,0.002,0
0.003,0,0.023,0,0.005,0
0.019,0,0.083,0,0.006,0
0.013,0,0.022,0,0.004,0
0.006,0,0.02,0,0.01,0
0.028,0,0.166,0,0.007,0
0.003,0,0.02,0,0.006,0
0.003,0,0.027,0,0.025,0
0.005,0,0.044,0,0.004,0
0.005,0,0.021,0,0.007,0
0.002,0,0.018,0,0.012,0
0.006,0,0.039,0,0.003,0
0.002,0,0.013,0,0.004,0
0.001,0,0.014,0,0.01,0
0.001,0,0.013,0,0.003,0
0.003,0,0.032,0,0.004,0
0.002,0,0.015,0,0.002,0
0.002,0,0.052,0,0.004,0
0.002,0,0.013,0,0.002,0
0.002,0,0.032,0,0.005,0
0.002,0,0.031,0,0.001,0
0.001,0,0.022,0,0.005,0
0.001,0,0.011,0,0.004,0
0,0,0.011,0,0.005,0
0.001,0,0.018,0,0.001,0
0.001,0,0.014,0,0.003,0
0.001,0,0.013,0,0.001,0
0.001,0,0.005,0,0.001,0
0,0,0.006,0,0.001,0
0.001,0,0.003,0,0,0
0.001,0,0.005,0,0.001,0
0.001,0,0.008,0,0.001,0
0.002,0,0.006,0,0.001,0
0.003,0,0.013,0,0.001,0
0.002,0,0.007,0,0,0
0.001,0,0.007,0,0,0
0.002,0,0.012,0,0.001,0
0.001,0,0.015,0,0,0
0.003,0,0.03,0,0.001,0
0.001,0,0.019,0,0.001,0
0,0,0.014,0,0.001,0
0,0,0.011,0,0.003,0
0.001,0,0.006,0,0.001,0
0.002,0,0.008,0,0.002,0
0.001,0,0.016,0,0.002,0
0.001,0,0.024,0,0.003,0
0.001,0,0.01,0,0.004,0
0.001,0,0.014,0,0.002,0
0,0,0.02,0,0.001,0
0.001,0,0.035,0,0.003,0
0,0,0.013,0,0.003,0
0.001,0,0.013,0,0.002,0
0,0,0.008,0,0.002,0
0,0,0.007,0,0.002,0
0.001,0,0.011,0,0.001,0
0.001,0,0.006,0,0.001,0
0.004,0,0.023,0,0.003,0
0.003,0,0.018,0,0.002,0
0.003,0,0.017,0,0.004,0
0.004,0,0.011,0,0.001,0
0.002,0,0.014,0,0.002,0
0.002,0,0.014,0,0.002,0
0.008,0,0.049,0,0.003,0
0.003,0,0.023,0,0.005,0
0.002,0,0.012,0,0.002,0
0.001,0,0.012,0,0.003,0
0.001,0,0.014,0,0.003,0
0.002,0,0.022,0,0.006,0
0.001,0,0.02,0,0.005,0
0.001,0,0.015,0,0.003,0
0.001,0,0.02,0,0.004,0
0,0,0.007,0,0.002,0
0.001,0,0.007,0,0,0
0.001,0,0.013,0,0.001,0
0.002,0,0.016,0,0.002,0
0.001,0,0.011,0,0.002,0
0.001,0,0.014,0,0.001,0
0,0,0.007,0,0.001,0
0.001,0,0.013,0,0.001,0
0,0,0.008,0,0,0
0.001,0,0.016,0,0.001,0
0.001,0,0.013,0,0,0
0.001,0,0.014,0,0.001,0
0,0,0.015,0,0,0
0.001,0,0.024,0,0,0
0.001,0,0.035,0,0,0
0.001,0,0.027,0,0.001,0
0.001,0,0.009,0,0.001,0
0,0,0.013,0,0.001,0
0.001,0,0.022,0,0.001,0
0.001,0,0.014,0,0.001,0
0.001,0,0.014,0,0.002,0
0.001,0,0.011,0,0.001,0
0.001,0,0.008,0,0,0
0.001,0,0.005,0,0,0
0.001,0,0.008,0,0,0
0.001,0,0.01,0,0,0
0,0,0.009,0,0.001,0
0.001,0,0.006,0,0,0
0,0,0.007,0,0,0
0.001,0,0.014,0,0.001,0
0,0,0.007,0,0.001,0
0.001,0,0.012,0,0.001,0
0.001,0,0.012,0,0.001,0
0.001,0,0.01,0,0.001,0
0.002,0,0.014,0,0,0
0.001,0,0.008,0,0.001,0
0.001,0,0.01,0,0,0
0.001,0,0.005,0,0,0
0.001,0,0.019,0,0,0
0.003,0,0.022,0,0,0
0.004,0,0.012,0,0,0
0.004,0,0.02,0,0.001,0
0.001,0,0.009,0,0,0
0.003,0,0.012,0,0.001,0
0.003,0,0.014,0,0.002,0
0.004,0,0.016,0,0.001,0
0.003,0,0.014,0,0.003,0
0.002,0,0.007,0,0.003,0
0.003,0,0.013,0,0.011,0
0.004,0,0.008,0,0.011,0
0.004,0,0.018,0,0.048,0
0.005,0,0.01,0,0.127,0
0.007,0,0.01,0,0.077,0
0.009,0,0.015,0,0.208,0
0.014,0,0.032,0,0.257,0
0.005,0,0.009,0,0.248,0
0.01,0,0.013,0,0.358,1
0.006,0,0.03,0,0.161,0
0.014,0,0.016,0,0.205,0
0.01,0,0.015,0,0.225,0
0.015,0,0.051,0,0.228,0
0.006,0,0.018,0,0.049,0
0.002,0,0.019,0,0.054,0
0.002,0,0.02,0,0.032,0
0.002,0,0.02,0,0.024,0
0.002,0,0.023,0,0.044,0
0.004,0,0.021,0,0.024,0
0.008,0,0.027,0,0.017,0
0.003,0,0.017,0,0.013,0
0.004,0,0.023,0,0.008,0
0.003,0,0.012,0,0.003,0
0.002,0,0.013,0,0.002,0
0.001,0,0.012,0,0.002,0
0.001,0,0.01,0,0.002,0
0.002,0,0.015,0,0.001,0
0.001,0,0.018,0,0.002,0
0.001,0,0.01,0,0.003,0
0.001,0,0.005,0,0.001,0
0.001,0,0.006,0,0.002,0
0.001,0,0.003,0,0.001,0
0,0,0.002,0,0.001,0
0.001,0,0.005,0,0.001,0
0.001,0,0.003,0,0.001,0
0.001,0,0.006,0,0.001,0
0.002,0,0.006,0,0.002,0
0.002,0,0.006,0,0.001,0
0.001,0,0.01,0,0.002,0
0.003,0,0.038,0,0.005,0
0.002,0,0.009,0,0.005,0
0.002,0,0.02,0,0.007,0
0.003,0,0.017,0,0.004,0
0.007,0,0.031,0,0.005,0
0.003,0,0.02,0,0.002,0
0.003,0,0.013,0,0.004,0
0.004,0,0.015,0,0.005,0
0.003,0,0.017,0,0.009,0
0.006,0,0.031,0,0.006,0
0.002,0,0.017,0,0.004,0
0.002,0,0.011,0,0.005,0
0.001,0,0.012,0,0.006,0
0.003,0,0.03,0,0.004,0
0.002,0,0.017,0,0.007,0
0.004,0,0.019,0,0.011,0
0.003,0,0.017,0,0.006,0
0.002,0,0.011,0,0.023,0
0.006,0,0.036,0,0.026,0
0.006,0,0.025,0,0.042,0
0.008,0,0.03,0,0.041,0
0.006,0,0.026,0,0.067,0
0.006,0,0.03,0,0.014,0
0.004,0,0.017,0,0.033,0
0.006,0,0.025,0,0.016,0
0.005,0,0.022,0,0.018,0
0.003,0,0.021,0,0.034,0
0.009,0,0.042,0,0.039,0
0.005,0,0.023,0,0.016,0
0.004,0,0.036,0,0.039,0
0.004,0,0.011,0,0.02,0
0.005,0,0.031,0,0.017,0
0.005,0,0.025,0,0.025,0
0.008,0,0.041,0,0.044,0
0.009,0,0.029,0,0.03,0
0.011,0,0.035,0,0.031,0
0.019,0,0.039,0,0.049,0
0.008,0,0.035,0,0.011,0
0.004,0,0.011,0,0.008,0
0.005,0,0.015,0,0.006,0
0.003,0,0.014,0,0.003,0
0.003,0,0.012,0,0.006,0
0.005,0,0.041,0,0.002,0
0.011,0,0.011,0,0.001,0
0.006,0,0.007,0,0.003,0
0.007,0,0.057,0,0.004,0
0.006,0,0.01,0,0.001,0
0.002,0,0.007,0,0.001,0
0.002,0,0.03,0,0.002,0
0.002,0,0.049,0,0.005,0
0.001,0,0.019,0,0.003,0
0.003,0,0.04,0,0.001,0
0.002,0,0.01,0,0.001,0
0.001,0,0.01,0,0.001,0
0.002,0,0.018,0,0,0
0.001,0,0.006,0,0,0
0.001,0,0.005,0,0.001,0
0.001,0,0.003,0,0,0
0.001,0,0.002,0,0,0
0.001,0,0.004,0,0.001,0
0,0,0.003,0,0.001,0
0.001,0,0.01,0,0,0
0,0,0.018,0,0.001,0
0,0,0.028,0,0.001,0
0.002,0,0.028,0,0.001,0
0.001,0,0.013,0,0.001,0
0.001,0,0.014,0,0.001,0
0.005,0,0.018,0,0.001,0
0.002,0,0.015,0,0.001,0
0.005,0,0.032,0,0.006,0
0.009,0,0.01,0,0.003,0
0.005,0,0.014,0,0.014,0
0.005,0,0.015,0,0.009,0
0.015,0,0.012,0,0.02,0
0.01,0,0.014,0,0.016,0
0.006,0,0.016,0,0.026,0
0.007,0,0.024,0,0.018,0
0.005,0,0.023,0,0.031,0
0.004,0,0.013,0,0.009,0
0.009,0,0.016,0,0.01,0
0.005,0,0.012,0,0.009,0
0.005,0,0.016,0,0.007,0
0.002,0,0.025,0,0.003,0
0.003,0,0.031,0,0.011,0
0.005,0,0.063,0,0.015,0
0.018,0,0.063,0,0.026,0
0.021,0,0.065,0,0.036,0
0.035,0,0.076,0,0.125,0
0.034,0,0.084,0,0.079,0
0.023,0,0.066,0,0.276,0
0.024,0,0.046,0,0.207,0
0.023,0,0.045,0,0.175,0
0.005,0,0.015,0,0.435,1
0.007,0,0.017,0,0.308,1
0.005,0,0.018,0,0.141,0
0.005,0,0.023,0,0.485,1
0.006,0,0.025,0,0.274,0
0.005,0,0.018,0,0.196,0
0.006,0,0.013,0,0.416,1
0.063,0,0.046,0,0.149,0
0.023,0,0.046,0,0.109,0
0.018,0,0.05,0,0.167,0
0.015,0,0.09,0,0.121,0
0.015,0,0.051,0,0.062,0
0.003,0,0.025,0,0.042,0
0.005,0,0.068,0,0.045,0
0.002,0,0.052,0,0.025,0
0.001,0,0.025,0,0.03,0
0.001,0,0.02,0,0.008,0
0.003,0,0.016,0,0.009,0
0.003,0,0.02,0,0.021,0
0.004,0,0.01,0,0.009,0
0.004,0,0.01,0,0.005,0
0.004,0,0.006,0,0.004,0
0.011,0,0.013,0,0.009,0
0.007,0,0.008,0,0.001,0
0.005,0,0.003,0,0.002,0
0.005,0,0.026,0,0.004,0
0.006,0,0.016,0,0.002,0
0.008,0,0.037,0,0.002,0
0.005,0,0.056,0,0.001,0
0.002,0,0.01,0,0.001,0
0.003,0,0.033,0,0.002,0
0.003,0,0.022,0,0.003,0
0.004,0,0.047,0,0.002,0
0.004,0,0.022,0,0.003,0
0.002,0,0.016,0,0.002,0
0.003,0,0.01,0,0.003,0
0.004,0,0.01,0,0.001,0
0.004,0,0.028,0,0.001,0
0.003,0,0.014,0,0.005,0
0.002,0,0.008,0,0.007,0
0.004,0,0.008,0,0.002,0
0.007,0,0.013,0,0.001,0
0.005,0,0.009,0,0,0
0.005,0,0.014,0,0.001,0
0.006,0,0.018,0,0,0
0.003,0,0.013,0,0,0
0.006,0,0.017,0,0,0
0.008,0,0.008,0,0.001,0
0.005,0,0.017,0,0,0
0.001,0,0.007,0,0.001,0
0.003,0,0.004,0,0,0
0.001,0,0.009,0,0,0
0.001,0,0.016,0,0.001,0
0.002,0,0.006,0,0,0
0.001,0,0.035,0,0.001,0
0.001,0,0.026,0,0.002,0
0.001,0,0.008,0,0,0
0.001,0,0.016,0,0.001,0
0.001,0,0.021,0,0.001,0
0.001,0,0.006,0,0,0
0.001,0,0.006,0,0.001,0
0.001,0,0.01,0,0,0
0.001,0,0.005,0,0,0
0,0,0.008,0,0.001,0
0.001,0,0.011,0,0,0
0.001,0,0.015,0,0,0
0.001,0,0.01,0,0,0
0.001,0,0.013,0,0,0
0.001,0,0.015,0,0,0
0.001,0,0.022,0,0.001,0
0.001,0,0.011,0,0.001,0
0.002,0,0.019,0,0.001,0
0.002,0,0.009,0,0.001,0
0.008,0,0.081,0,0.001,0
0.012,0,0.026,0,0,0
0.008,0,0.014,0,0.001,0
0.017,0,0.068,0,0.001,0
0.012,0,0.036,0,0.001,0
0.003,0,0.018,0,0.002,0
0.001,0,0.031,0,0.006,0
0.001,0,0.024,0,0.002,0
0.001,0,0.035,0,0.01,0
0.001,0,0.034,0,0.005,0
0.001,0,0.028,0,0.004,0
0.001,0,0.023,0,0.004,0
0.002,0,0.025,0,0.002,0
0.001,0,0.011,0,0.001,0
0.002,0,0.015,0,0.003,0
0.003,0,0.02,0,0.001,0
0.003,0,0.008,0,0.001,0
0.003,0,0.01,0,0,0
0.002,0,0.01,0,0,0
0.001,0,0.005,0,0,0
0,0,0.006,0,0,0
0.001,0,0.006,0,0,0
0,0,0.002,0,0,0
0.001,0,0.002,0,0,0
0,0,0.002,0,0,0
0.001,0,0.003,0,0,0
0.001,0,0.002,0,0,0
0.001,0,0.009,0,0.003,0
0.003,0,0.022,0,0.003,0
0.004,0,0.034,0,0.005,0
0.002,0,0.014,0,0.003,0
0.003,0,0.018,0,0.004,0
0.009,0,0.092,0,0.008,0
0.007,0,0.065,0,0.005,0
0.009,0,0.103,0,0.008,0
0.003,0,0.029,0,0.008,0
0.003,0,0.029,0,0.004,0
0.003,0,0.021,0,0.004,0
0.001,0,0.012,0,0.004,0
0.002,0,0.047,0,0.005,0
0.004,0,0.011,0,0.003,0
0.004,0,0.009,0,0,0
0.002,0,0.009,0,0.001,0
0.002,0,0.011,0,0.001,0
0.001,0,0.01,0,0.001,0
0,0,0.005,0,0.001,0
0.001,0,0.004,0,0,0
0,0,0.003,0,0,0
0,0,0.003,0,0,0
0.001,0,0.005,0,0,0
0.001,0,0.008,0,0,0
0.001,0,0.014,0,0,0
0.001,0,0.005,0,0,0
0.002,0,0.016,0,0.001,0
0.003,0,0.02,0,0.001,0
0.002,0,0.004,0,0,0
0.001,0,0.003,0,0.001,0
0.001,0,0.004,0,0,0
0.001,0,0.002,0,0.001,0
0.001,0,0.003,0,0.002,0
0.001,0,0.005,0,0.003,0
0.001,0,0.002,0,0.002,0
0.001,0,0.003,0,0.004,0
0.001,0,0.007,0,0.004,0
0.002,0,0.005,0,0.004,0
0.002,0,0.005,0,0.006,0
0.006,0,0.012,0,0.036,0
0.005,0,0.013,0,0.012,0
0.008,0,0.013,0,0.045,0
0.013,0,0.018,0,0.145,0
0.009,0,0.019,0,0.205,0
0.009,0,0.011,0,0.265,0
0.003,0,0.012,0,0.154,0
0.004,0,0.019,0,0.136,0
0.004,0,0.011,0,0.213,0
0.002,0,0.008,0,0.116,0
0.001,0,0.018,0,0.113,0
0.001,0,0.023,0,0.11,0
0.001,0,0.03,0,0.06,0
0.001,0,0.027,0,0.045,0
0.002,0,0.038,0,0.077,0
0.002,0,0.027,0,0.036,0
0.002,0,0.029,0,0.011,0
0.002,0,0.025,0,0.016,0
0.001,0,0.025,0,0.008,0
0.002,0,0.039,0,0.004,0
0.004,0,0.061,0,0.007,0
0.002,0,0.027,0,0.001,0
0.003,0,0.03,0,0.002,0
0.004,0,0.022,0,0.001,0
0.005,0,0.029,0,0.001,0
0.003,0,0.013,0,0.001,0
0.003,0,0.012,0,0.001,0
0.003,0,0.024,0,0.004,0
0.001,0,0.01,0,0.002,0
0.002,0,0.017,0,0.002,0
0.001,0,0.015,0,0.003,0
0.001,0,0.013,0,0.003,0
0.001,0,0.01,0,0.005,0
0.001,0,0.022,0,0.004,0
0.001,0,0.005,0,0.001,0
0.001,0,0.003,0,0,0
0.001,0,0.004,0,0,0
0.001,0,0.003,0,0,0
0,0,0.002,0,0,0
0.001,0,0.005,0,0,0
0.001,0,0.005,0,0,0
0.001,0,0.011,0,0,0
0.003,0,0.029,0,0,0
0.002,0,0.031,0,0.001,0
0.001,0,0.045,0,0.001,0
0.001,0,0.055,0,0.004,0
0.002,0,0.06,0,0.004,0
0.002,0,0.071,0,0.01,0
0.001,0,0.04,0,0.007,0
0.003,0,0.014,0,0.005,0
0.001,0,0.008,0,0.005,0
0.001,0,0.04,0,0.014,0
0.002,0,0.022,0,0.011,0
0.001,0,0.032,0,0.021,0
0.001,0,0.036,0,0.019,0
0.002,0,0.038,0,0.007,0
0.001,0,0.033,0,0.013,0
0.001,0,0.041,0,0.007,0
0.002,0,0.04,0,0.002,0
0.002,0,0.055,0,0.002,0
0.002,0,0.059,0,0.001,0
0.001,0,0.028,0,0.002,0
0,0,0.011,0,0.001,0
0.002,0,0.035,0,0,0
0.001,0,0.019,0,0.001,0
0.001,0,0.02,0,0.002,0
0.001,0,0.01,0,0.001,0
0.002,0,0.036,0,0.001,0
0.001,0,0.023,0,0.001,0
0.001,0,0.04,0,0.001,0
0.002,0,0.017,0,0,0
0.001,0,0.013,0,0,0
0.001,0,0.018,0,0,0
0.001,0,0.008,0,0,0
0.001,0,0.023,0,0,0
0,0,0.011,0,0,0
0,0,0.009,0,0,0
0.001,0,0.009,0,0.001,0
0.003,0,0.028,0,0,0
0.001,0,0.004,0,0.001,0
0.002,0,0.007,0,0.001,0
0.001,0,0.006,0,0.001,0
0.002,0,0.004,0,0.001,0
0.001,0,0.01,0,0.003,0
0,0,0.008,0,0.002,0
0,0,0.007,0,0.001,0
0,0,0.009,0,0.002,0
0.001,0,0.015,0,0.001,0
0.001,0,0.019,0,0.001,0
0.001,0,0.02,0,0,0
0.001,0,0.019,0,0,0
0.001,0,0.016,0,0.001,0
0.001,0,0.012,0,0,0
0.001,0,0.018,0,0.001,0
0,0,0.012,0,0,0
0,0,0.023,0,0.001,0
0.001,0,0.016,0,0.001,0
0.001,0,0.021,0,0.002,0
0.001,0,0.021,0,0.005,0
0.001,0,0.018,0,0.001,0
0.001,0,0.014,0,0.001,0
0.001,0,0.019,0,0.002,0
0.001,0,0.022,0,0.001,0
0.001,0,0.027,0,0.001,0
0.001,0,0.024,0,0,0
0.002,0,0.032,0,0,0
0.001,0,0.022,0,0,0
0.002,0,0.05,0,0.001,0
0.003,0,0.041,0,0.001,0
0.003,0,0.036,0,0.001,0
0.001,0,0.023,0,0.001,0
0.002,0,0.035,0,0.001,0
0.003,0,0.042,0,0.002,0
0.001,0,0.031,0,0.003,0
0.002,0,0.038,0,0.004,0
0.003,0,0.03,0,0.001,0
0.001,0,0.016,0,0.002,0
0.001,0,0.013,0,0,0
0.002,0,0.027,0,0.001,0
0.001,0,0.013,0,0.001,0
0.001,0,0.006,0,0,0
0.002,0,0.004,0,0,0
0.001,0,0.004,0,0,0
0.001,0,0.004,0,0,0
0.002,0,0.006,0,0,0
0.001,0,0.003,0,0,0
0.001,0,0.004,0,0,0
0.001,0,0.006,0,0,0
0,0,0.003,0,0,0
0.001,0,0.006,0,0,0
0.001,0,0.008,0,0.001,0
0.001,0,0.009,0,0,0
0.001,0,0.009,0,0.001,0
0.002,0,0.008,0,0.001,0
0.001,0,0.006,0,0.002,0
0.003,0,0.014,0,0.003,0
0.002,0,0.009,0,0.003,0
0.002,0,0.008,0,0.004,0
0.002,0,0.023,0,0.008,0
0.002,0,0.01,0,0.004,0
0.001,0,0.008,0,0.006,0
0.003,0,0.014,0,0.017,0
0.003,0,0.006,0,0.011,0
0.006,0,0.017,0,0.033,0
0.009,0,0.023,0,0.03,0
0.003,0,0.007,0,0.016,0
0.006,0,0.01,0,0.012,0
0.005,0,0.009,0,0.007,0
0.002,0,0.02,0,0.007,0
0.002,0,0.015,0,0.01,0
0.005,0,0.01,0,0.003,0
0.002,0,0.022,0,0.002,0
0.002,0,0.026,0,0.002,0
0.001,0,0.015,0,0.001,0
0.002,0,0.016,0,0.001,0
0.002,0,0.022,0,0.001,0
0.001,0,0.018,0,0,0
0.002,0,0.012,0,0.001,0
0.001,0,0.01,0,0.001,0
0.005,0,0.011,0,0.002,0
0.005,0,0.015,0,0.001,0
0.004,0,0.008,0,0.002,0
0.004,0,0.005,0,0.002,0
0.003,0,0.009,0,0.002,0
0.004,0,0.011,0,0.002,0
0.006,0,0.009,0,0.002,0
0.005,0,0.012,0,0.002,0
0.002,0,0.009,0,0.003,0
0.001,0,0.008,0,0.002,0
0.007,0,0.018,0,0.002,0
0.003,0,0.012,0,0.003,0
0.004,0,0.009,0,0.002,0
0.004,0,0.008,0,0.004,0
0.006,0,0.015,0,0.012,0
0.008,0,0.021,0,0.006,0
0.021,0,0.007,0,0.014,0
0.029,0,0.009,0,0.028,0
0.018,0,0.021,0,0.017,0
0.009,0,0.016,0,0.019,0
0.006,0,0.018,0,0.013,0
0.008,0,0.016,0,0.015,0
0.003,0,0.013,0,0.028,0
0.006,0,0.02,0,0.052,0
0.008,0,0.027,0,0.027,0
0.014,0,0.022,0,0.024,0
0.01,0,0.051,0,0.07,0
0.026,0,0.045,0,0.042,0
0.017,0,0.105,0,0.054,0
0.02,0,0.093,0,0.096,0
0.053,0,0.1,0,0.149,0
0.024,0,0.076,0,0.121,0
0.019,0,0.036,0,0.101,0
0.028,0,0.063,0,0.065,0
0.014,0,0.044,0,0.053,0
0.005,0,0.045,0,0.044,0
0.005,0,0.042,0,0.016,0
0.002,0,0.027,0,0.007,0
0.002,0,0.02,0,0.012,0
0.004,0,0.013,0,0.007,0
0.001,0,0.006,0,0.003,0
0.002,0,0.003,0,0.003,0
0.001,0,0.005,0,0.006,0
0.001,0,0.005,0,0.003,0
0.001,0,0.011,0,0.004,0
0.009,0,0.021,0,0.008,0
0.006,0,0.015,0,0.01,0
0.009,0,0.017,0,0.01,0
0.014,0,0.025,0,0.026,0
0.01,0,0.026,0,0.022,0
0.016,0,0.026,0,0.046,0
0.022,0,0.023,0,0.035,0
0.003,0,0.025,0,0.039,0
0.004,0,0.028,0,0.136,0
0.009,0,0.029,0,0.086,0
0.005,0,0.036,0,0.257,0
0.004,0,0.05,0,0.438,1
0.014,0,0.092,0,0.443,1
0.007,0,0.065,0,0.329,1
0.01,0,0.052,0,0.451,1
0.021,0,0.041,0,0.413,1
0.023,0,0.043,0,0.261,0
0.052,0,0.028,0,0.335,1
0.059,0,0.031,0,0.441,1
0.065,0,0.027,0,0.248,0
0.034,0,0.021,0,0.289,0
0.076,0,0.037,0,0.157,0
0.014,0,0.015,0,0.1,0
0.006,0,0.009,0,0.028,0
0.003,0,0.018,0,0.035,0
0.004,0,0.011,0,0.028,0
0.002,0,0.008,0,0.015,0
0.005,0,0.033,0,0.071,0
0.003,0,0.051,0,0.043,0
0.006,0,0.062,0,0.03,0
0.001,0,0.076,0,0.019,0
0.005,0,0.085,0,0.027,0
0.006,0,0.09,0,0.052,0
0.003,0,0.057,0,0.006,0
0.012,0,0.125,0,0.015,0
0.006,0,0.062,0,0.005,0
0.004,0,0.046,0,0.022,0
0.003,0,0.041,0,0.006,0
0.001,0,0.026,0,0.005,0
0.003,0,0.018,0,0.003,0
0,0,0.004,0,0.001,0
0,0,0.009,0,0.001,0
0.001,0,0.008,0,0,0
0,0,0.005,0,0,0
0,0,0.004,0,0.001,0
0.001,0,0.004,0,0,0
0.004,0,0.009,0,0,0
0.007,0,0.01,0,0,0
0.002,0,0.004,0,0,0
0.003,0,0.005,0,0,0
0.003,0,0.005,0,0,0
0.004,0,0.005,0,0,0
0.004,0,0.006,0,0,0
0.003,0,0.008,0,0,0
0.006,0,0.018,0,0.001,0
0.001,0,0.031,0,0.001,0
0.001,0,0.013,0,0.001,0
0.001,0,0.024,0,0.001,0
0.001,0,0.017,0,0.001,0
0.001,0,0.013,0,0.001,0
0.001,0,0.013,0,0.001,0
0.003,0,0.021,0,0.002,0
0.002,0,0.023,0,0.002,0
0.002,0,0.014,0,0.002,0
0.001,0,0.02,0,0.001,0
0.002,0,0.017,0,0.001,0
0.001,0,0.008,0,0,0
0.001,0,0.011,0,0.001,0
0.001,0,0.007,0,0.001,0
0.001,0,0.008,0,0.001,0
0.003,0,0.012,0,0.002,0
0,0,0.004,0,0.002,0
0.003,0,0.006,0,0.001,0
0.001,0,0.005,0,0.001,0
0.002,0,0.006,0,0.001,0
0.003,0,0.005,0,0.001,0
0.001,0,0.003,0,0.001,0
0.001,0,0.002,0,0.001,0
0.001,0,0.003,0,0.001,0
0.001,0,0.006,0,0,0
0.001,0,0.007,0,0.001,0
0.001,0,0.007,0,0.001,0
0,0,0.011,0,0.001,0
0,0,0.016,0,0.003,0
0.001,0,0.013,0,0.003,0
0.002,0,0.009,0,0.001,0
0.001,0,0.008,0,0.001,0
0.002,0,0.014,0,0.001,0
0.002,0,0.007,0,0.001,0
0.002,0,0.006,0,0.001,0
0.004,0,0.004,0,0.002,0
0.001,0,0.007,0,0.001,0
0.002,0,0.002,0,0.001,0
0.003,0,0.007,0,0.002,0
0.002,0,0.01,0,0.002,0
0.002,0,0.008,0,0.001,0
0.002,0,0.03,0,0.005,0
0.001,0,0.026,0,0.005,0
0.003,0,0.053,0,0.016,0
0.001,0,0.049,0,0.009,0
0.001,0,0.022,0,0.006,0
0.001,0,0.047,0,0.018,0
0.002,0,0.028,0,0.01,0
0.002,0,0.057,0,0.011,0
0.001,0,0.019,0,0.007,0
0.003,0,0.038,0,0.022,0
0.005,0,0.031,0,0.012,0
0.004,0,0.016,0,0.012,0
0.015,0,0.045,0,0.035,0
0.008,0,0.032,0,0.07,0
0.004,0,0.019,0,0.059,0
0.005,0,0.026,0,0.109,0
0.003,0,0.022,0,0.079,0
0.004,0,0.027,0,0.058,0
0.009,0,0.049,0,0.135,0
0.018,0,0.075,0,0.086,0
0.063,0,0.074,0,0.021,0
0.028,0,0.082,0,0.043,0
0.011,0,0.047,0,0.009,0
0.005,0,0.041,0,0.006,0
0.006,0,0.039,0,0.003,0
0.004,0,0.029,0,0.001,0
0.003,0,0.018,0,0.004,0
0.001,0,0.026,0,0.001,0
0.001,0,0.031,0,0.005,0
0.001,0,0.021,0,0.004,0
0,0,0.01,0,0.002,0
0,0,0.012,0,0.002,0
0.001,0,0.016,0,0.002,0
0.001,0,0.017,0,0.003,0
0.001,0,0.015,0,0.003,0
0.001,0,0.016,0,0.005,0
0.001,0,0.019,0,0.005,0
0.001,0,0.016,0,0.003,0
0.001,0,0.016,0,0.009,0
0.001,0,0.016,0,0.012,0
0.001,0,0.011,0,0.01,0
0.002,0,0.02,0,0.011,0
0.003,0,0.026,0,0.013,0
0.001,0,0.011,0,0.031,0
0.002,0,0.013,0,0.037,0
0.003,0,0.013,0,0.072,0
0.002,0,0.012,0,0.014,0
0.005,0,0.011,0,0.012,0
0.008,0,0.019,0,0.03,0
0.005,0,0.017,0,0.012,0
0.005,0,0.014,0,0.015,0
0.008,0,0.024,0,0.019,0
0.004,0,0.004,0,0.009,0
0.003,0,0.005,0,0.005,0
0.002,0,0.004,0,0.004,0
0.002,0,0.004,0,0.001,0
0.002,0,0.004,0,0.001,0
0.002,0,0.011,0,0.001,0
0.002,0,0.012,0,0.005,0
0.003,0,0.007,0,0.008,0
0.002,0,0.013,0,0.005,0
0.002,0,0.026,0,0.007,0
0.003,0,0.039,0,0.013,0
0.004,0,0.054,0,0.01,0
0.001,0,0.026,0,0.005,0
0.001,0,0.026,0,0.009,0
0.002,0,0.037,0,0.004,0
0.002,0,0.04,0,0.005,0
0.004,0,0.017,0,0.006,0
0.002,0,0.049,0,0.007,0
0.005,0,0.018,0,0.003,0
0.005,0,0.015,0,0.006,0
0.005,0,0.04,0,0.009,0
0.004,0,0.032,0,0.004,0
0.005,0,0.019,0,0.006,0
0.014,0,0.034,0,0.004,0
0.028,0,0.02,0,0.003,0
0.006,0,0.016,0,0.002,0
0.019,0,0.052,0,0.006,0
0.007,0,0.024,0,0.002,0
0.009,0,0.025,0,0.004,0
0.018,0,0.048,0,0.006,0
0.005,0,0.034,0,0.005,0
0.003,0,0.043,0,0.007,0
0.005,0,0.058,0,0.003,0
0.001,0,0.022,0,0.007,0
0.004,0,0.032,0,0.006,0
0.002,0,0.027,0,0.007,0
0.004,0,0.03,0,0.011,0
0.008,0,0.037,0,0.007,0
0.003,0,0.015,0,0.001,0
0.003,0,0.008,0,0.003,0
0.006,0,0.01,0,0.002,0
0.005,0,0.016,0,0.003,0
0.005,0,0.014,0,0.006,0
0.002,0,0.01,0,0.014,0
0.004,0,0.018,0,0.01,0
0.003,0,0.007,0,0.009,0
0.002,0,0.005,0,0.008,0
0.003,0,0.016,0,0.005,0
0.002,0,0.01,0,0.002,0
0.002,0,0.007,0,0.007,0
0.004,0,0.02,0,0.009,0
0.002,0,0.03,0,0.011,0
0.002,0,0.034,0,0.03,0
0.003,0,0.037,0,0.024,0
0.003,0,0.042,0,0.034,0
0.004,0,0.044,0,0.021,0
0.003,0,0.053,0,0.029,0
0.003,0,0.023,0,0.013,0
0.007,0,0.041,0,0.016,0
0.012,0,0.033,0,0.003,0
0.01,0,0.019,0,0.004,0
0.006,0,0.019,0,0.001,0
0.024,0,0.071,0,0.001,0
0.017,0,0.027,0,0.002,0
0.012,0,0.036,0,0.001,0
0.013,0,0.04,0,0.001,0
0.018,0,0.028,0,0.003,0
0.027,0,0.061,0,0.003,0
0.002,0,0.011,0,0.002,0
0.002,0,0.034,0,0.002,0
0.002,0,0.017,0,0.003,0
0.001,0,0.009,0,0.004,0
0.006,0,0.023,0,0.006,0
0.001,0,0.022,0,0.005,0
0.004,0,0.034,0,0.003,0
0.004,0,0.018,0,0.002,0
0.005,0,0.016,0,0.005,0
0.001,0,0.024,0,0.004,0
0.003,0,0.016,0,0.004,0
0.001,0,0.007,0,0.007,0
0.002,0,0.007,0,0.006,0
0.002,0,0.008,0,0.003,0
0.003,0,0.004,0,0.002,0
0.003,0,0.009,0,0.004,0
0.005,0,0.026,0,0.011,0
0.006,0,0.013,0,0.007,0
0.008,0,0.015,0,0.009,0
0.017,0,0.033,0,0.011,0
0.005,0,0.019,0,0.012,0
0.004,0,0.019,0,0.016,0
0.003,0,0.019,0,0.019,0
0.009,0,0.026,0,0.078,0
0.027,0,0.079,0,0.112,0
0.01,0,0.038,0,0.071,0
0.009,0,0.025,0,0.198,0
0.027,0,0.058,0,0.306,1
0.009,0,0.037,0,0.16,0
0.021,0,0.023,0,0.343,1
0.02,0,0.102,0,0.305,1
0.038,0,0.066,0,0.371,1
0.026,0,0.052,0,0.455,1
0.039,0,0.195,0,0.23,0
0.049,0,0.158,0,0.185,0
0.028,0,0.068,0,0.321,1
0.073,0,0.125,0,0.205,0
0.06,0,0.208,0,0.181,0
0.02,0,0.038,0,0.288,0
0.039,0,0.074,0,0.163,0
0.027,0,0.052,0,0.193,0
0.007,0,0.021,0,0.357,1
0.009,0,0.075,0,0.211,0
0.009,0,0.032,0,0.099,0
0.006,0,0.024,0,0.151,0
0.044,0,0.097,0,0.152,0
0.024,0,0.064,0,0.068,0
0.01,0,0.032,0,0.036,0
0.047,0,0.113,0,0.025,0
0.008,0,0.072,0,0.019,0
0.004,0,0.046,0,0.008,0
0.007,0,0.058,0,0.009,0
0.002,0,0.016,0,0.001,0
0.001,0,0.017,0,0.004,0
0.001,0,0.012,0,0.001,0
0.001,0,0.009,0,0.001,0
0.001,0,0.01,0,0.002,0
0.001,0,0.024,0,0.002,0
0.001,0,0.021,0,0.003,0
0.001,0,0.02,0,0.003,0
0,0,0.014,0,0.002,0
0.001,0,0.014,0,0.001,0
0.002,0,0.013,0,0.002,0
0.001,0,0.005,0,0,0
0.002,0,0.005,0,0,0
0.002,0,0.003,0,0,0
0.004,0,0.011,0,0.001,0
0.004,0,0.004,0,0,0
0.002,0,0.007,0,0,0
0.001,0,0.011,0,0.001,0
0.001,0,0.01,0,0.001,0
0.001,0,0.025,0,0.002,0
0.001,0,0.02,0,0.001,0
0.003,0,0.027,0,0.008,0
0.002,0,0.027,0,0.006,0
0.004,0,0.108,0,0.011,0
0.006,0,0.067,0,0.033,0
0.002,0,0.05,0,0.021,0
0.004,0,0.083,0,0.028,0
0.003,0,0.095,0,0.039,0
0.002,0,0.055,0,0.04,0
0.003,0,0.092,0,0.034,0
0.003,0,0.087,0,0.043,0
0.002,0,0.04,0,0.054,0
0.003,0,0.072,0,0.054,0
0.002,0,0.066,0,0.06,0
0.002,0,0.048,0,0.09,0
0.002,0,0.06,0,0.079,0
0.002,0,0.064,0,0.047,0
0.004,0,0.024,0,0.121,0
0.004,0,0.048,0,0.087,0
0.009,0,0.041,0,0.115,0
0.006,0,0.034,0,0.1,0
0.004,0,0.024,0,0.101,0
0.012,0,0.037,0,0.161,0
0.012,0,0.043,0,0.154,0
0.009,0,0.029,0,0.191,0
0.008,0,0.045,0,0.109,0
0.035,0,0.043,0,0.323,1
0.018,0,0.032,0,0.171,0
0.007,0,0.02,0,0.059,0
0.013,0,0.015,0,0.049,0
0.007,0,0.015,0,0.023,0
0.003,0,0.008,0,0.006,0
0.006,0,0.007,0,0.007,0
0.004,0,0.007,0,0.002,0
0.005,0,0.017,0,0.001,0
0.004,0,0.021,0,0.001,0
0.016,0,0.031,0,0.002,0
0.006,0,0.023,0,0.001,0
0.005,0,0.028,0,0.001,0
0.008,0,0.023,0,0.003,0
0.021,0,0.063,0,0.017,0
0.015,0,0.054,0,0.046,0
0.005,0,0.022,0,0.011,0
0.007,0,0.043,0,0.032,0
0.002,0,0.021,0,0.024,0
0.005,0,0.031,0,0.07,0
0.006,0,0.019,0,0.007,0
0.002,0,0.017,0,0.019,0
0.008,0,0.027,0,0.119,0
0.007,0,0.02,0,0.09,0
0.002,0,0.026,0,0.053,0
0.003,0,0.037,0,0.073,0
0.003,0,0.035,0,0.08,0
0.003,0,0.033,0,0.089,0
0.004,0,0.042,0,0.095,0
0.002,0,0.04,0,0.143,0
0.002,0,0.027,0,0.105,0
0.002,0,0.029,0,0.086,0
0.002,0,0.037,0,0.094,0
0.002,0,0.02,0,0.055,0
0.005,0,0.032,0,0.087,0
0.004,0,0.019,0,0.041,0
0.002,0,0.011,0,0.074,0
0.004,0,0.014,0,0.095,0
0.002,0,0.003,0,0.085,0
0.002,0,0.009,0,0.096,0
0.006,0,0.005,0,0.137,0
0.02,0,0.036,0,0.117,0
0.031,0,0.02,0,0.083,0
0.114,0,0.159,0,0.059,0
0.043,0,0.078,0,0.054,0
0.185,0,0.121,0,0.04,0
0.33,1,0.433,1,0.117,0
0.209,0,0.216,0,0.2,0
0.145,0,0.184,0,0.175,0
0.099,0,0.099,0,0.255,0
0.056,0,0.078,0,0.19,0
0.029,0,0.042,0,0.108,0
0.014,0,0.026,0,0.223,0
0.009,0,0.017,0,0.174,0
0.003,0,0.013,0,0.104,0
0.001,0,0.004,0,0.173,0
0.001,0,0.001,0,0.097,0
0.001,0,0.001,0,0.088,0
0.002,0,0.002,0,0.047,0
0.001,0,0.002,0,0.082,0
0.001,0,0.002,0,0.141,0
0,0,0.001,0,0.201,0
0,0,0.001,0,0.095,0
0.001,0,0.002,0,0.234,0
0.001,0,0.003,0,0.287,0
0.001,0,0.002,0,0.219,0
0,0,0.001,0,0.167,0
0.001,0,0.003,0,0.253,0
0.001,0,0.003,0,0.328,1
0.001,0,0.003,0,0.246,0
0.001,0,0.002,0,0.394,1
0.001,0,0.003,0,0.468,1
0.001,0,0.004,0,0.305,1
0,0,0.005,0,0.291,0
0.001,0,0.002,0,0.44,1
0.001,0,0.003,0,0.481,1
0.002,0,0.012,0,0.119,0
0,0,0.005,0,0.21,0
0.001,0,0.004,0,0.502,1
0.012,0,0.046,0,0.215,0
0.012,0,0.053,0,0.099,0
0.001,0,0.007,0,0.086,0
0,0,0.004,0,0.056,0
0,0,0,0,0.014,0
0,0,0.002,0,0.071,0
0,0,0.002,0,0.15,0
0.001,0,0.003,0,0.135,0
0,0,0.002,0,0.282,0
0,0,0.001,0,0.067,0
0,0,0,0,0.007,0
0,0,0.002,0,0.146,0
0,0,0.001,0,0.011,0
0,0,0,0,0.003,0
0.001,0,0.009,0,0.014,0
0.006,0,0.014,0,0.031,0
0,0,0.001,0,0.001,0
0.002,0,0.025,0,0.036,0
0.017,0,0.049,0,0.025,0
0.007,0,0.026,0,0.034,0
0.002,0,0.019,0,0.035,0
0.009,0,0.053,0,0.066,0
0.004,0,0.038,0,0.047,0
0.001,0,0.017,0,0.036,0
0.001,0,0.015,0,0.038,0
0.001,0,0.012,0,0.053,0
0,0,0.002,0,0.019,0
0,0,0.002,0,0.031,0
0,0,0.005,0,0.028,0
0,0,0.003,0,0.059,0
0,0,0,0,0.008,0
0,0,0.001,0,0.137,0
0,0,0,0,0.016,0
0,0,0.002,0,0.35,1
0.002,0,0.003,0,0.288,0
0.001,0,0.004,0,0.389,1
0.001,0,0.006,0,0.409,1
0,0,0.002,0,0.261,0
0.004,0,0.017,0,0.432,1
0,0,0.005,0,0.485,1
0,0,0.002,0,0.14,0
0,0,0,0,0.089,0
0,0,0.002,0,0.076,0
0,0,0,0,0.005,0
0,0,0.002,0,0.018,0
0,0,0.001,0,0.004,0
0,0,0.004,0,0.012,0
0,0,0.002,0,0.036,0
0.001,0,0.011,0,0.062,0
0.003,0,0.015,0,0.031,0
0.001,0,0.013,0,0.035,0
0,0,0.002,0,0.008,0
0,0,0.002,0,0.008,0
0,0,0,0,0.002,0
0,0,0.001,0,0.003,0
0,0,0,0,0.003,0
0.001,0,0.002,0,0.02,0
0,0,0.001,0,0.004,0
0.001,0,0.003,0,0.042,0
0.011,0,0.007,0,0.058,0
0.008,0,0.014,0,0.175,0
0.001,0,0.003,0,0.046,0
0.002,0,0.002,0,0.022,0
0.023,0,0.017,0,0.036,0
0.011,0,0.002,0,0.029,0
0.082,0,0.05,0,0.06,0
0.014,0,0.042,0,0.012,0
0.034,0,0.021,0,0.023,0
0.014,0,0.027,0,0.01,0
0.008,0,0.011,0,0.014,0
0.005,0,0.029,0,0.014,0
0.07,0,0.106,0,0.045,0
0.008,0,0.032,0,0.06,0
0.006,0,0.048,0,0.136,0
0.001,0,0.014,0,0.061,0
0,0,0.011,0,0.231,0
0.001,0,0.014,0,0.164,0
0.002,0,0.028,0,0.33,1
0.001,0,0.002,0,0.03,0
0.003,0,0.044,0,0.133,0
0.008,0,0.059,0,0.19,0
0.001,0,0.008,0,0.053,0
0.044,0,0.121,0,0.082,0
0.058,0,0.059,0,0.062,0
0.006,0,0.024,0,0.049,0
0.009,0,0.065,0,0.271,0
0.003,0,0.056,0,0.3,0
0,0,0.002,0,0.009,0
0.001,0,0.014,0,0.181,0
0,0,0.001,0,0.039,0
0,0,0,0,0.028,0
0,0,0.001,0,0.095,0
0,0,0.001,0,0.045,0
0.001,0,0.002,0,0.083,0
0.001,0,0.002,0,0.059,0
0.001,0,0.005,0,0.199,0
0.001,0,0.009,0,0.272,0
0,0,0.001,0,0.15,0
0.001,0,0.015,0,0.636,1
0.003,0,0.04,0,0.602,1
0.002,0,0.013,0,0.58,1
0,0,0,0,0.228,0
0,0,0.001,0,0.142,0
0.002,0,0.022,0,0.551,1
0.001,0,0.007,0,0.477,1
0,0,0,0,0.001,0
0.001,0,0.003,0,0.223,0
0.005,0,0.01,0,0.521,1
0.001,0,0.003,0,0.219,0
0,0,0,0,0.036,0
0.001,0,0.004,0,0.021,0
0.001,0,0.007,0,0.056,0
0,0,0,0,0.004,0
0.008,0,0.015,0,0.043,0
0,0,0,0,0.003,0
0.005,0,0.011,0,0.01,0
0,0,0,0,0.003,0
0.005,0,0.019,0,0.013,0
0,0,0.001,0,0.007,0
0.004,0,0.016,0,0.013,0
0.001,0,0.002,0,0.006,0
0.032,0,0.027,0,0.008,0
0.007,0,0.016,0,0.004,0
0,0,0.001,0,0.002,0
0,0,0,0,0.01,0
0,0,0,0,0.006,0
0,0,0.002,0,0.308,1
0,0,0.007,0,0.431,1
0,0,0.001,0,0.085,0
0.001,0,0.012,0,0.116,0
0,0,0.006,0,0.09,0
0,0,0.022,0,0.294,0
0.001,0,0.015,0,0.342,1
0.001,0,0.016,0,0.515,1
0.001,0,0.018,0,0.644,1
0.002,0,0.024,0,0.49,1
0,0,0.013,0,0.221,0
0,0,0.001,0,0.291,0
0,0,0,0,0.016,0
0.002,0,0.031,0,0.481,1
0,0,0,0,0.03,0
0.002,0,0.008,0,0.273,0
0,0,0,0,0.031,0
0,0,0.006,0,0.336,1
0.002,0,0.022,0,0.309,1
0.007,0,0.038,0,0.377,1
0.007,0,0.022,0,0.229,0
0.01,0,0.018,0,0.459,1
0,0,0,0,0.059,0
0.001,0,0.01,0,0.634,1
0.004,0,0.027,0,0.722,1
0.011,0,0.03,0,0.621,1
0.002,0,0.044,0,0.27,0
0.001,0,0.016,0,0.251,0
0.004,0,0.043,0,0.103,0
0.001,0,0.018,0,0.084,0
0,0,0.002,0,0.057,0
0.001,0,0.025,0,0.205,0
0,0,0.003,0,0.314,1
0,0,0.018,0,0.205,0
0,0,0.016,0,0.236,0
0.001,0,0.034,0,0.167,0
0.007,0,0.081,0,0.066,0
0,0,0.007,0,0.076,0
0.001,0,0.016,0,0.037,0
0,0,0.003,0,0.004,0
0.001,0,0.022,0,0.092,0
0.001,0,0.018,0,0.094,0
0,0,0.006,0,0.102,0
0.001,0,0.015,0,0.022,0
0.009,0,0.022,0,0.009,0
0.036,0,0.043,0,0.012,0
0.002,0,0.021,0,0.056,0
0.052,0,0.066,0,0.032,0
0,0,0.002,0,0.007,0
0.004,0,0.036,0,0.038,0
0,0,0,0,0.013,0
0.001,0,0.012,0,0.152,0
0,0,0.001,0,0.02,0
0.001,0,0.014,0,0.124,0
0,0,0.001,0,0.024,0
0.001,0,0.021,0,0.032,0
0.004,0,0.023,0,0.037,0
0,0,0.001,0,0.014,0
0.001,0,0.004,0,0.277,0
0.001,0,0.004,0,0.083,0
0,0,0.001,0,0.011,0
0,0,0,0,0.012,0
0,0,0,0,0.007,0
0.001,0,0.024,0,0.336,1
0,0,0.002,0,0.019,0
0,0,0,0,0.006,0
0,0,0.001,0,0.09,0
0,0,0.001,0,0.008,0
0.001,0,0.005,0,0.233,0
0,0,0.003,0,0.025,0
0.001,0,0.004,0,0.027,0
0.002,0,0.01,0,0.02,0
0.001,0,0.011,0,0.014,0
0.005,0,0.041,0,0.011,0
0.015,0,0.104,0,0.009,0
0,0,0.003,0,0.022,0
0.033,0,0.039,0,0.01,0
0.001,0,0,0,0.003,0
0.004,0,0.002,0,0.004,0
0.001,0,0,0,0.006,0
0.03,0,0.03,0,0.021,0
0,0,0.001,0,0.003,0
0.001,0,0.003,0,0.004,0
0.001,0,0.002,0,0.013,0
0,0,0,0,0,0
0.001,0,0.001,0,0.006,0
0,0,0,0,0.003,0
0,0,0.005,0,0.05,0
0.001,0,0.011,0,0.021,0
