name     ,  rank,   score, probability, sas_points, surf_atoms,   center_x,   center_y,   center_z, residue_ids, surf_atom_ids
pocket1  ,     1,   36.91,       0.938,        221,         93,     5.4928,    13.7640,    -3.0367, A_114 A_115 A_117 A_118 A_121 A_122 A_125 A_15 A_18 A_21 A_250 A_251 A_253 A_254 A_44 A_45 A_47 A_48 A_481 A_49 A_50 A_505 A_628 A_629 A_630 A_632 A_693 A_696 A_697 A_700 A_701 A_702 A_789 A_792 A_795, 110 111 112 113 115 116 142 143 167 168 346 349 351 352 353 354 355 363 364 367 371 374 375 376 380 381 390 873 875 886 899 900 902 903 904 906 907 908 909 911 931 932 934 942 966 967 1985 1989 1994 1995 1996 1997 1998 2012 2013 2020 3739 3924 4874 4878 4881 4882 4885 4886 4887 4889 4903 4904 4905 5373 5375 5376 5377 5396 5397 5406 5427 5428 5439 5445 5449 5451 5452 5453 6145 6165 6166 6167 6168 6191 6192 6193 6194
pocket2  ,     2,    9.54,       0.440,         67,         39,   -24.2940,     4.5790,     3.4018, A_230 A_231 A_232 A_233 A_262 A_263 A_349 A_397 A_398 A_399 A_401 A_402 A_418 A_421 A_455 A_462 A_463 A_466, 1827 1833 1838 1840 1844 1845 2082 2086 2089 2736 3096 3103 3105 3107 3108 3113 3130 3131 3132 3133 3135 3138 3139 3140 3238 3263 3536 3590 3591 3593 3594 3595 3596 3601 3624 3625 3626 3627 3628
pocket3  ,     3,    7.66,       0.340,         81,         31,   -10.8280,     1.8999,    15.5949, A_140 A_141 A_142 A_156 A_157 A_160 A_164 A_209 A_213 A_227 A_228 A_233 A_234 A_237 A_238 A_390 A_394, 1080 1084 1093 1103 1104 1218 1225 1227 1252 1253 1283 1284 1646 1683 1803 1812 1814 1847 1848 1850 1852 1853 1854 1855 1859 1885 1886 1895 1896 3045 3076
pocket4  ,     4,    6.96,       0.301,         16,         12,    -3.3238,     0.5198,    25.9199, A_145 A_146 A_147 A_150 A_163 A_172 A_174 A_207 A_209, 1123 1127 1128 1140 1168 1273 1277 1347 1362 1365 1629 1641
pocket5  ,     5,    5.68,       0.227,         58,         28,   -13.9945,     0.1638,    -9.4994, A_256 A_257 A_260 A_261 A_458 A_624 A_649 A_650 A_653 A_655 A_656 A_659 A_682 A_686, 2034 2036 2039 2042 2043 2045 2046 2065 2068 2075 2078 3564 3566 4850 5029 5038 5065 5076 5079 5080 5081 5090 5110 5111 5112 5286 5328 5329
pocket6  ,     6,    5.24,       0.201,         73,         33,     6.8274,    -0.4462,     1.0932, A_115 A_117 A_595 A_598 A_599 A_626 A_629 A_630 A_631 A_796 A_797 A_818 A_820, 885 886 901 902 4640 4641 4642 4643 4644 4662 4664 4668 4671 4860 4861 4862 4863 4885 4887 4888 4889 4895 4897 6195 6196 6200 6201 6208 6350 6365 6366 6368 6370
pocket7  ,     7,    3.19,       0.087,         72,         33,    18.7084,    13.0161,    -5.0625, A_634 A_635 A_636 A_637 A_701 A_703 A_758 A_759 A_760 A_789 A_790 A_792 A_793, 4921 4922 4927 4929 4930 4936 4945 5440 5441 5442 5443 5444 5462 5463 5464 5920 5923 5926 5929 5932 5933 6144 6147 6148 6149 6161 6164 6165 6167 6170 6173 6175 6176
pocket8  ,     8,    2.56,       0.059,         61,         29,    -7.5763,    -8.3250,   -20.1226, A_1022 A_527 A_528 A_529 A_532 A_561 A_562 A_564 A_646 A_648 A_649 A_650 A_651 A_652 A_683 A_714, 4088 4092 4096 4100 4101 4132 4134 4355 4362 4363 4381 5001 5016 5017 5020 5028 5032 5033 5036 5039 5046 5047 5057 5299 5552 7943 7944 7946 7947
pocket9  ,     9,    2.54,       0.058,         45,         22,    16.2017,     4.2997,    -2.5048, A_606 A_632 A_634 A_637 A_792 A_793 A_795 A_799 A_801, 4724 4725 4727 4728 4729 4730 4901 4921 4922 4944 4945 6164 6170 6172 6173 6176 6188 6189 6218 6219 6221 6240
pocket10 ,    10,    2.43,       0.054,         47,         27,    -9.2607,    -0.9143,   -24.8853, A_527 A_528 A_529 A_646 A_648 A_651 A_680 A_683 A_684 A_714 A_717, 4088 4092 4095 4096 4102 4104 5001 5017 5020 5022 5023 5045 5046 5047 5263 5264 5265 5295 5297 5308 5309 5548 5549 5550 5552 5578 5580
pocket11 ,    11,    2.41,       0.053,         24,         15,    -6.6668,     4.1174,   -10.0452, A_253 A_254 A_256 A_257 A_624 A_689 A_690 A_693, 2007 2021 2036 2042 2045 4846 4847 4848 4849 4850 5345 5347 5352 5379 5380
pocket12 ,    12,    2.39,       0.052,         39,         20,   -17.3041,   -11.1130,    -5.4976, A_266 A_268 A_426 A_428 A_429 A_452 A_456 A_653 A_654 A_655, 2111 2112 2114 2129 3304 3305 3306 3308 3309 3323 3329 3510 3511 3549 5064 5065 5071 5072 5077 5081
pocket13 ,    13,    2.34,       0.049,         35,         24,   -21.6697,   -12.6522,   -11.5000, A_338 A_339 A_340 A_342 A_424 A_426 A_427 A_429 A_654 A_657 A_658, 2651 2657 2660 2662 2665 2678 3290 3291 3304 3305 3306 3308 3309 3313 3316 3329 5067 5070 5071 5072 5095 5096 5103 5105
pocket14 ,    14,    2.20,       0.044,         33,         20,   -26.9190,    10.1004,    -8.1593, A_416 A_417 A_419 A_420 A_459 A_462 A_465 A_493 A_666 A_676, 3223 3224 3225 3227 3247 3252 3574 3586 3587 3590 3591 3617 3619 3824 3825 3827 5174 5175 5237 5238
pocket15 ,    15,    2.03,       0.037,         30,         15,   -17.6362,    -3.6661,    19.3778, A_157 A_160 A_161 A_233 A_370 A_373 A_374 A_390, 1225 1252 1253 1262 1263 1851 1852 1853 2897 2898 2899 2923 2933 3045 3046
pocket16 ,    16,    1.63,       0.022,         24,         15,    -4.0945,     2.3133,     9.6120, A_114 A_116 A_140 A_142 A_143 A_225 A_227 A_228 A_819 A_820 A_821, 872 893 895 1084 1104 1111 1113 1781 1782 1800 1812 6355 6367 6369 6381
pocket17 ,    17,    1.42,       0.015,         37,         24,    13.3060,    14.7814,   -27.4492, A_508 A_509 A_511 A_512 A_513 A_731 A_733 A_744 A_747 A_748 A_751, 3944 3951 3953 3954 3972 3978 3983 3985 3991 3994 5688 5708 5712 5804 5805 5808 5825 5826 5830 5831 5834 5837 5867 5868
pocket18 ,    18,    1.31,       0.012,         25,         16,    15.7550,   -10.3616,    -7.3246, A_588 A_589 A_590 A_600 A_601 A_604 A_878 A_880 A_881, 4581 4592 4594 4596 4597 4600 4676 4683 4687 4688 4707 6817 6834 6837 6840 6841
pocket19 ,    19,    1.23,       0.010,         26,         12,    -0.3401,   -34.8582,    20.9006, A_837 A_841 A_900 A_904 A_912 A_916, 6502 6503 6504 6536 6537 6985 6986 6988 7016 7079 7081 7111
pocket20 ,    20,    1.18,       0.009,         24,         12,    10.9995,   -38.7490,     3.3392, A_953 A_954 A_961 A_982, 7392 7394 7401 7402 7471 7633 7635 7636 7638 7639 7640 7641
pocket21 ,    21,    1.01,       0.005,          3,          6,     2.2795,    12.8655,   -12.7220, A_44 A_480 A_692 A_696 A_725 A_727, 345 3732 5367 5395 5638 5657
pocket22 ,    22,    1.01,       0.005,          6,         10,    -3.9992,     6.1852,   -21.6039, A_646 A_688 A_691 A_715 A_720, 5005 5336 5339 5340 5361 5362 5561 5563 5598 5599
