"dnaProb","dnaBin","rnaProb","rnaBin","pProb","pBin"
0.021,0,0.301,1,0.021,0
0.012,0,0.23,0,0.02,0
0.009,0,0.172,0,0.018,0
0.014,0,0.197,0,0.032,0
0.006,0,0.155,0,0.031,0
0.002,0,0.098,0,0.022,0
0.003,0,0.064,0,0.024,0
0.001,0,0.023,0,0.03,0
0.001,0,0.016,0,0.043,0
0.001,0,0.008,0,0.062,0
0.001,0,0.006,0,0.119,0
0.001,0,0.009,0,0.067,0
0.001,0,0.009,0,0.104,0
0.001,0,0.008,0,0.066,0
0.004,0,0.029,0,0.08,0
0.002,0,0.021,0,0.078,0
0.002,0,0.03,0,0.067,0
0.002,0,0.05,0,0.058,0
0.003,0,0.152,0,0.055,0
0.004,0,0.077,0,0.063,0
0.002,0,0.108,0,0.074,0
0.013,0,0.401,1,0.145,0
0.004,0,0.159,0,0.133,0
0.004,0,0.142,0,0.173,0
0.007,0,0.203,0,0.211,0
0.004,0,0.094,0,0.253,0
0.005,0,0.063,0,0.372,1
0.003,0,0.093,0,0.392,1
0.001,0,0.043,0,0.276,0
0.002,0,0.062,0,0.294,0
0.003,0,0.061,0,0.47,1
0.003,0,0.056,0,0.503,1
0.001,0,0.021,0,0.446,1
0.003,0,0.026,0,0.519,1
0.002,0,0.027,0,0.42,1
0.002,0,0.031,0,0.475,1
0.001,0,0.007,0,0.335,1
0.019,0,0.036,0,0.416,1
0.006,0,0.05,0,0.375,1
0.001,0,0.005,0,0.291,0
0.007,0,0.015,0,0.365,1
0.045,0,0.105,0,0.405,1
0.01,0,0.021,0,0.279,0
0.002,0,0.007,0,0.146,0
0.136,0,0.062,0,0.429,1
0.044,0,0.045,0,0.246,0
0.001,0,0.003,0,0.078,0
0.028,0,0.016,0,0.271,0
0.09,0,0.053,0,0.217,0
0.051,0,0.06,0,0.241,0
0.002,0,0.003,0,0.032,0
0.109,0,0.039,0,0.312,1
0.03,0,0.035,0,0.228,0
0.004,0,0.039,0,0.264,0
0.005,0,0.016,0,0.268,0
0.046,0,0.031,0,0.34,1
0.011,0,0.043,0,0.243,0
0.004,0,0.043,0,0.324,1
0.011,0,0.018,0,0.39,1
0.002,0,0.014,0,0.32,1
0.002,0,0.011,0,0.391,1
0.004,0,0.016,0,0.39,1
0.006,0,0.014,0,0.413,1
0.012,0,0.015,0,0.485,1
0.012,0,0.013,0,0.49,1
0.008,0,0.015,0,0.49,1
0.005,0,0.018,0,0.499,1
0.005,0,0.02,0,0.445,1
0.002,0,0.012,0,0.463,1
0.001,0,0.007,0,0.483,1
0.004,0,0.017,0,0.572,1
0.003,0,0.026,0,0.536,1
0.001,0,0.011,0,0.544,1
0.002,0,0.027,0,0.503,1
0.009,0,0.039,0,0.643,1
0.003,0,0.028,0,0.589,1
0.018,0,0.049,0,0.775,1
0.002,0,0.018,0,0.686,1
0.001,0,0.012,0,0.423,1
0.002,0,0.033,0,0.349,1
0.008,0,0.063,0,0.63,1
0,0,0.003,0,0.396,1
0.001,0,0.016,0,0.322,1
0.001,0,0.009,0,0.282,0
0.001,0,0.008,0,0.562,1
0,0,0.008,0,0.287,0
0,0,0.002,0,0.049,0
0.005,0,0.022,0,0.347,1
0.002,0,0.014,0,0.439,1
0.002,0,0.008,0,0.311,1
0.001,0,0.009,0,0.197,0
0.004,0,0.018,0,0.424,1
0.003,0,0.011,0,0.408,1
0.001,0,0.01,0,0.337,1
0.001,0,0.006,0,0.076,0
0.002,0,0.029,0,0.349,1
0.003,0,0.028,0,0.348,1
0,0,0.002,0,0.238,0
0.001,0,0.031,0,0.229,0
0.004,0,0.056,0,0.254,0
0.002,0,0.034,0,0.333,1
0.004,0,0.054,0,0.169,0
0.017,0,0.119,0,0.2,0
0.018,0,0.065,0,0.181,0
0.001,0,0.007,0,0.159,0
0.01,0,0.078,0,0.293,0
0.017,0,0.069,0,0.245,0
0.023,0,0.067,0,0.191,0
0,0,0.004,0,0.034,0
0.006,0,0.046,0,0.259,0
0.007,0,0.026,0,0.251,0
0.001,0,0.003,0,0.032,0
0.001,0,0.004,0,0.142,0
0.013,0,0.043,0,0.433,1
0.003,0,0.012,0,0.313,1
0,0,0.002,0,0.101,0
0.005,0,0.028,0,0.362,1
0.003,0,0.009,0,0.35,1
0.001,0,0.002,0,0.099,0
0.003,0,0.015,0,0.226,0
0.003,0,0.028,0,0.235,0
0.001,0,0.025,0,0.376,1
0,0,0.006,0,0.06,0
0.011,0,0.111,0,0.358,1
0.007,0,0.102,0,0.322,1
0.001,0,0.022,0,0.169,0
0.009,0,0.043,0,0.66,1
0.025,0,0.083,0,0.624,1
0.002,0,0.029,0,0.536,1
0,0,0.006,0,0.246,0
0.006,0,0.055,0,0.581,1
0.007,0,0.052,0,0.462,1
0.002,0,0.031,0,0.314,1
0.009,0,0.08,0,0.428,1
0.036,0,0.157,0,0.353,1
0.018,0,0.085,0,0.351,1
0.021,0,0.157,0,0.337,1
0.012,0,0.052,0,0.417,1
0.044,0,0.09,0,0.434,1
0.02,0,0.119,0,0.254,0
0.011,0,0.136,0,0.33,1
0.01,0,0.047,0,0.59,1
0.023,0,0.192,0,0.364,1
0.008,0,0.195,0,0.242,0
0.003,0,0.049,0,0.379,1
0.006,0,0.059,0,0.64,1
0.008,0,0.097,0,0.322,1
0.019,0,0.199,0,0.279,0
0.009,0,0.12,0,0.442,1
0.014,0,0.08,0,0.417,1
0.019,0,0.069,0,0.487,1
0.054,0,0.22,0,0.587,1
0.005,0,0.016,0,0.43,1
0.008,0,0.032,0,0.693,1
0.04,0,0.146,0,0.734,1
0.06,0,0.191,0,0.634,1
0.006,0,0.065,0,0.701,1
0.011,0,0.053,0,0.763,1
0.033,0,0.176,0,0.72,1
0.025,0,0.051,0,0.699,1
0.007,0,0.016,0,0.787,1
0.006,0,0.031,0,0.652,1
0.014,0,0.02,0,0.661,1
0.01,0,0.015,0,0.724,1
0.005,0,0.006,0,0.681,1
0.004,0,0.005,0,0.526,1
0.029,0,0.024,0,0.659,1
0.008,0,0.008,0,0.694,1
0.003,0,0.007,0,0.597,1
0.006,0,0.007,0,0.54,1
0.125,0,0.086,0,0.695,1
0.024,0,0.025,0,0.689,1
0.011,0,0.03,0,0.458,1
0.079,0,0.079,0,0.47,1
0.149,0,0.149,0,0.656,1
0.081,0,0.14,0,0.585,1
0.11,0,0.195,0,0.346,1
0.169,0,0.258,0,0.354,1
